0.000000	0.0461363
20.000000	0.000707035
40.000000	0.00120386
60.000000	0.00195153
80.000000	0.00218135
100.000000	0.00127509
120.000000	0.00122176
140.000000	0.00151763
160.000000	0.000996139
180.000000	0.000267384
200.000000	0.00110879
220.000000	0.00110336
240.000000	0.0020061
260.000000	0.00174042
280.000000	0.000632837
300.000000	0.00060715
320.000000	0.000493243
340.000000	0.00184166
360.000000	0.00169068
380.000000	0.000972711
400.000000	0.000858846
420.000000	0.00043709
440.000000	0.49956
460.000000	0.00100062
480.000000	0.000338217
500.000000	0.000577367
520.000000	0.00024284
540.000000	0.00103954
560.000000	0.000811805
580.000000	0.00120167
600.000000	0.00170794
620.000000	0.00111212
640.000000	0.00112401
660.000000	0.000536353
680.000000	0.00112962
700.000000	0.00159096
720.000000	0.000480147
740.000000	0.00112769
760.000000	0.000838993
780.000000	0.000227942
800.000000	0.000289804
820.000000	0.00143748
840.000000	0.00207393
860.000000	0.000799717
880.000000	0.164532
900.000000	0.00128488
920.000000	0.00112599
940.000000	0.00121584
960.000000	0.00150991
980.000000	0.00148717
1000.000000	0.00140203
1020.000000	0.00242134
1040.000000	0.000751727
1060.000000	0.001589
1080.000000	0.000516307
1100.000000	0.00107917
1120.000000	0.000784214
1140.000000	0.00013585
1160.000000	0.00111228
1180.000000	0.00156508
1200.000000	0.00179411
1220.000000	0.000523584
1240.000000	0.000424824
1260.000000	0.000727874
1280.000000	0.000569185
1300.000000	0.00121134
1320.000000	0.0551473
1340.000000	0.000949199
1360.000000	0.000860566
1380.000000	9.87186e-05
1400.000000	0.00165757
1420.000000	0.00146909
1440.000000	0.00133212
1460.000000	0.000747076
1480.000000	0.000952412
1500.000000	0.00105346
1520.000000	0.000659892
1540.000000	0.00115015
1560.000000	0.000271743
1580.000000	0.0019857
1600.000000	0.000974274
1620.000000	0.0017173
1640.000000	0.000620839
1660.000000	0.000397978
1680.000000	0.000523169
1700.000000	0.000194581
1720.000000	0.00184765
1740.000000	0.00194866
1760.000000	0.00122514
1780.000000	0.000813097
1800.000000	0.000386628
1820.000000	0.00165405
1840.000000	0.000727539
1860.000000	0.00121031
1880.000000	0.00075879
1900.000000	0.00183791
1920.000000	0.00143082
1940.000000	0.00170672
1960.000000	0.00152791
1980.000000	0.000485767
2000.000000	0.000863923
2020.000000	0.000492874
2040.000000	0.00144945
2060.000000	0.000892586
2080.000000	0.00130651
2100.000000	0.00264312
2120.000000	0.000419496
2140.000000	0.000478157
2160.000000	0.00148437
2180.000000	0.0007361
2200.000000	0.00110887
2220.000000	0.00163003
2240.000000	0.00137396
2260.000000	0.00110181
2280.000000	0.000477524
2300.000000	0.00125658
2320.000000	0.00145896
2340.000000	0.00179489
2360.000000	0.000639792
2380.000000	5.87322e-05
2400.000000	0.00224607
2420.000000	0.00054582
2440.000000	0.00114513
2460.000000	0.000940014
2480.000000	0.00146738
2500.000000	0.00080712
2520.000000	0.000756596
2540.000000	0.00180964
2560.000000	0.000511522
2580.000000	0.00100998
2600.000000	0.000283828
2620.000000	0.000606898
2640.000000	0.000191879
2660.000000	0.0018523
2680.000000	0.00105539
2700.000000	0.000209395
2720.000000	0.00152015
2740.000000	0.00155236
2760.000000	0.000381256
2780.000000	0.000290309
2800.000000	0.00167526
2820.000000	0.000674401
2840.000000	0.00111686
2860.000000	0.000885699
2880.000000	0.0010628
2900.000000	0.000465303
2920.000000	0.00188085
2940.000000	0.00135375
2960.000000	0.000310302
2980.000000	0.00200416
3000.000000	0.00114775
3020.000000	0.00127087
3040.000000	0.0017655
3060.000000	0.00062451
3080.000000	0.000925208
3100.000000	0.000829938
3120.000000	0.000723207
3140.000000	0.000462271
3160.000000	0.000586745
3180.000000	0.000471048
3200.000000	0.000353833
3220.000000	0.0011341
3240.000000	0.000523837
3260.000000	0.000671858
3280.000000	0.00119115
3300.000000	0.000322489
3320.000000	0.00178056
3340.000000	0.00101932
3360.000000	0.00169791
3380.000000	0.00157756
3400.000000	0.00122326
3420.000000	0.000375961
3440.000000	0.000318931
3460.000000	0.000407227
3480.000000	0.000626246
3500.000000	0.000695579
3520.000000	0.000989712
3540.000000	0.000926616
3560.000000	0.000889815
3580.000000	0.000949657
3600.000000	0.00200053
3620.000000	0.00140751
3640.000000	0.000910064
3660.000000	0.000450535
3680.000000	0.00129043
3700.000000	0.00108759
3720.000000	0.00138259
3740.000000	0.0010055
3760.000000	0.000180547
3780.000000	0.00115152
3800.000000	0.00223794
3820.000000	0.000533532
3840.000000	0.00110057
3860.000000	0.000604222
3880.000000	0.00142964
3900.000000	0.000746426
3920.000000	0.000706916
3940.000000	0.00216995
3960.000000	0.000680957
3980.000000	0.00141928
4000.000000	0.00106538
4020.000000	0.000891871
4040.000000	0.00157963
4060.000000	0.000408412
4080.000000	0.00174594
4100.000000	0.000896203
4120.000000	0.0012912
4140.000000	0.00130694
4160.000000	0.00127896
4180.000000	0.00302936
4200.000000	0.00101186
4220.000000	0.00103936
4240.000000	0.00142452
4260.000000	0.00185964
4280.000000	0.00163989
4300.000000	0.00182145
4320.000000	0.000984234
4340.000000	0.000557649
4360.000000	0.00179124
4380.000000	0.00229838
4400.000000	0.000756205
4420.000000	0.000748157
4440.000000	0.000787884
4460.000000	0.00186752
4480.000000	0.00250727
4500.000000	0.000908223
4520.000000	0.000231046
4540.000000	0.000568775
4560.000000	0.00118796
4580.000000	0.00177219
4600.000000	0.00118617
4620.000000	0.00144686
4640.000000	0.00129039
4660.000000	0.00164355
4680.000000	0.000616318
4700.000000	0.000713083
4720.000000	0.00021878
4740.000000	0.00112842
4760.000000	0.00121636
4780.000000	0.0010371
4800.000000	0.00216011
4820.000000	0.000860862
4840.000000	0.00078936
4860.000000	0.000258388
4880.000000	0.00161679
4900.000000	0.00078152
4920.000000	0.000986285
4940.000000	0.000870228
4960.000000	0.000667518
4980.000000	0.00105893
5000.000000	0.00154441
5020.000000	0.00097241
5040.000000	0.00104363
5060.000000	0.000851963
5080.000000	0.000247818
5100.000000	0.000860035
5120.000000	0.000845712
5140.000000	0.00152476
5160.000000	0.00139724
5180.000000	0.000488137
5200.000000	0.000220147
5220.000000	0.00144
5240.000000	0.000812532
5260.000000	0.00015765
5280.000000	0.00156505
5300.000000	0.000767684
5320.000000	0.000953772
5340.000000	0.00208757
5360.000000	0.0011859
5380.000000	0.000678455
5400.000000	0.00108408
5420.000000	0.000830459
5440.000000	0.000757382
5460.000000	0.000695113
5480.000000	0.000708367
5500.000000	0.000831813
5520.000000	0.00191617
5540.000000	0.00105218
5560.000000	0.00192796
5580.000000	0.000869948
5600.000000	0.000403053
5620.000000	0.000797783
5640.000000	0.000424698
5660.000000	0.00137839
5680.000000	0.000926495
5700.000000	0.000577214
5720.000000	0.000281985
5740.000000	0.000743146
5760.000000	0.000943672
5780.000000	0.000259297
5800.000000	0.000455282
5820.000000	0.00035893
5840.000000	0.000334638
5860.000000	0.00117333
5880.000000	0.00152584
5900.000000	0.00126263
5920.000000	0.0013616
5940.000000	0.00108294
5960.000000	0.000515787
5980.000000	0.000919935
6000.000000	0.000882174
6020.000000	0.00136397
6040.000000	0.00121132
6060.000000	0.00176231
6080.000000	0.000499568
6100.000000	0.000526942
6120.000000	0.0011213
6140.000000	0.000900352
6160.000000	0.000921354
6180.000000	0.00226537
6200.000000	0.000565365
6220.000000	0.00125644
6240.000000	0.00151546
6260.000000	0.000967827
6280.000000	0.000297253
6300.000000	0.00167794
6320.000000	0.00091473
6340.000000	0.0017503
6360.000000	0.00103699
6380.000000	0.00105359
6400.000000	0.000680959
6420.000000	0.00128592
6440.000000	0.00133661
6460.000000	0.00164143
6480.000000	0.000572811
6500.000000	0.000970151
6520.000000	0.0011659
6540.000000	0.00113816
6560.000000	0.0013181
6580.000000	0.000398128
6600.000000	0.000620313
6620.000000	0.000899256
6640.000000	0.00123
6660.000000	0.00200192
6680.000000	0.00114422
6700.000000	0.00113976
6720.000000	0.000866838
6740.000000	0.000838384
6760.000000	0.000909878
6780.000000	0.00108696
6800.000000	0.00119336
6820.000000	0.000867776
6840.000000	0.00150711
6860.000000	0.000726722
6880.000000	0.00155701
6900.000000	0.000346311
6920.000000	0.000853353
6940.000000	0.000758885
6960.000000	0.00049178
6980.000000	0.00130968
7000.000000	0.00139818
7020.000000	0.00164767
7040.000000	0.000587369
7060.000000	0.00156662
7080.000000	0.00234599
7100.000000	0.000434392
7120.000000	0.000182174
7140.000000	0.00181031
7160.000000	0.000342982
7180.000000	0.00187795
7200.000000	0.000852534
7220.000000	0.00100205
7240.000000	0.000548493
7260.000000	0.00222463
7280.000000	0.000661361
7300.000000	0.000178501
7320.000000	0.0023032
7340.000000	0.00141278
7360.000000	0.0011917
7380.000000	0.000576796
7400.000000	0.000833416
7420.000000	0.00101799
7440.000000	0.00142626
7460.000000	0.000533214
7480.000000	0.00130007
7500.000000	0.0019208
7520.000000	0.000616831
7540.000000	0.000562685
7560.000000	0.00114798
7580.000000	0.000573016
7600.000000	0.00117519
7620.000000	0.000418949
7640.000000	0.000559477
7660.000000	0.00114475
7680.000000	0.00075554
7700.000000	0.00166709
7720.000000	0.00082028
7740.000000	0.000772306
7760.000000	0.00200374
7780.000000	0.000571094
7800.000000	0.00094587
7820.000000	0.0012778
7840.000000	0.00146612
7860.000000	0.00063089
7880.000000	0.000746744
7900.000000	0.00108457
7920.000000	0.00125619
7940.000000	0.00159969
7960.000000	0.000362027
7980.000000	0.00127017
8000.000000	0.00132623
8020.000000	0.000572059
8040.000000	0.000803841
8060.000000	0.000757631
8080.000000	0.000939699
8100.000000	0.000924323
8120.000000	0.00322956
8140.000000	0.0021901
8160.000000	0.000641531
8180.000000	0.000314671
8200.000000	0.000457173
8220.000000	0.000799969
8240.000000	0.00155328
8260.000000	0.00120318
8280.000000	0.00120635
8300.000000	0.000978865
8320.000000	0.000196545
8340.000000	0.00191275
8360.000000	0.000699634
8380.000000	0.000579394
8400.000000	0.0019025
8420.000000	0.000804889
8440.000000	0.00161783
8460.000000	0.00166755
8480.000000	0.000922448
8500.000000	0.00075254
8520.000000	0.000887406
8540.000000	0.000540478
8560.000000	0.00148579
8580.000000	0.00109532
8600.000000	0.00220143
8620.000000	0.000844877
8640.000000	0.00288814
8660.000000	0.00150726
8680.000000	0.000556144
8700.000000	0.000606397
8720.000000	0.00105584
8740.000000	0.000389007
8760.000000	0.00143026
8780.000000	0.00225912
8800.000000	0.000639109
8820.000000	0.00260298
8840.000000	0.00065966
8860.000000	0.00228236
8880.000000	0.000872595
8900.000000	0.000499677
8920.000000	0.000253735
8940.000000	0.00251089
8960.000000	0.000625015
8980.000000	0.000691043
9000.000000	0.00100419
9020.000000	0.00161171
9040.000000	0.00175744
9060.000000	0.00072812
9080.000000	0.00178329
9100.000000	0.0018177
9120.000000	0.000342871
9140.000000	0.000652591
9160.000000	0.00171168
9180.000000	0.000611653
9200.000000	0.00197534
9220.000000	0.000805302
9240.000000	0.00087222
9260.000000	0.000253252
9280.000000	0.00079499
9300.000000	0.000922322
9320.000000	0.000466971
9340.000000	0.00083075
9360.000000	0.00160063
9380.000000	0.00124625
9400.000000	0.00193579
9420.000000	0.00321537
9440.000000	0.00146293
9460.000000	0.000507724
9480.000000	0.0014015
9500.000000	0.000944858
9520.000000	0.00139836
9540.000000	0.000675226
9560.000000	0.000812468
9580.000000	0.000329174
9600.000000	0.00167965
9620.000000	0.00122771
9640.000000	0.000884429
9660.000000	0.00114655
9680.000000	0.0016435
9700.000000	0.00127865
9720.000000	0.0013026
9740.000000	0.00101043
9760.000000	0.000609118
9780.000000	0.000452097
9800.000000	0.000694804
9820.000000	0.00184501
9840.000000	0.000208782
9860.000000	0.000471316
9880.000000	0.00187134
9900.000000	0.00163013
9920.000000	0.000942376
9940.000000	0.00177285
9960.000000	0.000696175
9980.000000	0.00285078
10000.000000	0.000769498
10020.000000	0.000468317
10040.000000	0.000959302
10060.000000	0.000958493
10080.000000	0.000370845
10100.000000	0.000669787
10120.000000	0.00156014
10140.000000	0.000822268
10160.000000	0.00103708
10180.000000	0.000670359
10200.000000	0.000210415
10220.000000	0.00176201
10240.000000	0.000419727
10260.000000	0.00149448
10280.000000	0.00119102
10300.000000	0.000187649
10320.000000	0.00151028
10340.000000	0.000966913
10360.000000	0.0015119
10380.000000	0.000769333
10400.000000	0.00113812
10420.000000	0.0010698
10440.000000	0.000973827
10460.000000	0.000908427
10480.000000	0.00076182
10500.000000	0.00142419
10520.000000	0.00138463
10540.000000	0.000901049
10560.000000	0.000526354
10580.000000	0.000724866
10600.000000	0.00045282
10620.000000	0.000339085
10640.000000	0.000945396
10660.000000	0.00164938
10680.000000	0.00119393
10700.000000	0.000591965
10720.000000	0.00105151
10740.000000	0.00187028
10760.000000	0.00230738
10780.000000	0.00169638
10800.000000	0.000471875
10820.000000	0.0019598
10840.000000	0.000848826
10860.000000	0.000690911
10880.000000	0.00208344
10900.000000	0.00172384
10920.000000	0.00131355
10940.000000	0.000603329
10960.000000	0.000588713
10980.000000	0.00120337
11000.000000	0.000258227
11020.000000	0.000876825
11040.000000	0.00164154
11060.000000	0.00060947
11080.000000	0.000653838
11100.000000	0.00100927
11120.000000	0.000284321
11140.000000	0.000955951
11160.000000	0.000592827
11180.000000	0.000507563
11200.000000	0.000684242
11220.000000	0.000964952
11240.000000	0.00154307
11260.000000	0.00150079
11280.000000	0.000236691
11300.000000	0.000735104
11320.000000	0.00126804
11340.000000	0.000451344
11360.000000	0.00114225
11380.000000	0.00130037
11400.000000	0.000527923
11420.000000	0.00280203
11440.000000	0.000432099
11460.000000	0.00116893
11480.000000	0.000454023
11500.000000	0.000971477
11520.000000	0.000640972
11540.000000	0.00193341
11560.000000	0.00034289
11580.000000	0.00198488
11600.000000	0.00170626
11620.000000	0.00084816
11640.000000	0.00134625
11660.000000	0.000578906
11680.000000	0.00130766
11700.000000	0.00066615
11720.000000	0.000910593
11740.000000	0.000509879
11760.000000	0.00199178
11780.000000	0.000420077
11800.000000	0.000527534
11820.000000	0.000940889
11840.000000	0.000438912
11860.000000	0.00101549
11880.000000	0.00119784
11900.000000	0.00116263
11920.000000	0.00125483
11940.000000	0.000419988
11960.000000	0.000421231
11980.000000	0.000712601
12000.000000	0.000672195
12020.000000	0.00100252
12040.000000	0.00269289
12060.000000	0.00129346
12080.000000	0.0013326
12100.000000	0.00161295
12120.000000	0.000999364
12140.000000	0.00138204
12160.000000	0.00111109
12180.000000	0.000661049
12200.000000	0.000969339
12220.000000	0.00129162
12240.000000	0.00102377
12260.000000	0.000740434
12280.000000	0.000438569
12300.000000	0.00127184
12320.000000	0.00114151
12340.000000	0.000859189
12360.000000	0.00044969
12380.000000	0.0010409
12400.000000	0.00127121
12420.000000	0.00187486
12440.000000	0.000622091
12460.000000	0.00163764
12480.000000	0.00283742
12500.000000	0.000281877
12520.000000	0.000788256
12540.000000	0.000774025
12560.000000	0.000361689
12580.000000	0.000860064
12600.000000	0.00109232
12620.000000	0.000351786
12640.000000	0.00178994
12660.000000	0.000862314
12680.000000	0.00109334
12700.000000	0.00145044
12720.000000	0.00177021
12740.000000	0.000789176
12760.000000	0.00173553
12780.000000	0.00126677
12800.000000	0.00105904
12820.000000	0.000883836
12840.000000	0.0011608
12860.000000	0.00157626
12880.000000	3.43305e-05
12900.000000	0.00165623
12920.000000	0.00155002
12940.000000	0.000972929
12960.000000	0.00102126
12980.000000	0.000574061
13000.000000	0.00130079
13020.000000	0.00065441
13040.000000	0.00112219
13060.000000	0.00269868
13080.000000	0.00175952
13100.000000	0.000217968
13120.000000	0.00136557
13140.000000	0.00100438
13160.000000	0.00141241
13180.000000	0.000861895
13200.000000	0.000780894
13220.000000	0.000873168
13240.000000	0.0016495
13260.000000	0.00172865
13280.000000	0.000648304
13300.000000	0.00198014
13320.000000	0.00130971
13340.000000	0.00173244
13360.000000	0.000898214
13380.000000	0.00162747
13400.000000	0.000518187
13420.000000	0.000294369
13440.000000	0.00090421
13460.000000	0.000754467
13480.000000	0.002119
13500.000000	0.0022186
13520.000000	0.000894818
13540.000000	0.0021906
13560.000000	0.0020724
13580.000000	0.00110529
13600.000000	0.000941482
13620.000000	0.000589628
13640.000000	0.000890171
13660.000000	0.000423482
13680.000000	0.00149633
13700.000000	0.00062673
13720.000000	0.00248257
13740.000000	0.00135656
13760.000000	0.00139312
13780.000000	0.000904929
13800.000000	0.00149384
13820.000000	0.0015456
13840.000000	0.00169921
13860.000000	0.000444342
13880.000000	0.000386869
13900.000000	0.000845397
13920.000000	0.00111094
13940.000000	0.00156866
13960.000000	0.000992564
13980.000000	0.00144869
14000.000000	0.000426141
14020.000000	0.00113436
14040.000000	0.00122227
14060.000000	0.000654657
14080.000000	0.00142593
14100.000000	0.000975501
14120.000000	0.00118753
14140.000000	0.0010574
14160.000000	0.00186949
14180.000000	0.000581743
14200.000000	0.000621535
14220.000000	0.00105831
14240.000000	0.00215921
14260.000000	0.000283345
14280.000000	0.00163562
14300.000000	0.00271294
14320.000000	0.000433423
14340.000000	0.000790544
14360.000000	0.00156892
14380.000000	0.00160829
14400.000000	0.00147566
14420.000000	0.00125029
14440.000000	0.0010642
14460.000000	0.000800319
14480.000000	0.000811294
14500.000000	0.000938151
14520.000000	0.00130919
14540.000000	0.00186963
14560.000000	0.00128099
14580.000000	0.000515146
14600.000000	0.00184388
14620.000000	0.00199514
14640.000000	0.0010744
14660.000000	0.00148822
14680.000000	9.04783e-05
14700.000000	0.00118167
14720.000000	0.00154273
14740.000000	0.00233193
14760.000000	0.000692078
14780.000000	0.000586842
14800.000000	0.00190945
14820.000000	0.000777283
14840.000000	0.000769485
14860.000000	0.000668413
14880.000000	0.000614527
14900.000000	0.000640545
14920.000000	0.000677605
14940.000000	0.00165335
14960.000000	0.00175473
14980.000000	0.000853199
15000.000000	0.00204942
15020.000000	0.00190057
15040.000000	0.00110864
15060.000000	0.000244989
15080.000000	0.00185954
15100.000000	0.000585248
15120.000000	0.000650222
15140.000000	0.0013453
15160.000000	0.00222031
15180.000000	0.00101951
15200.000000	0.00122737
15220.000000	0.000659564
15240.000000	0.00171493
15260.000000	0.000586143
15280.000000	0.00126164
15300.000000	0.000803314
15320.000000	0.00130017
15340.000000	0.0013302
15360.000000	0.000679309
15380.000000	0.000675564
15400.000000	0.00161175
15420.000000	0.000453654
15440.000000	0.000450016
15460.000000	0.00151524
15480.000000	0.000264765
15500.000000	0.000379481
15520.000000	0.00112006
15540.000000	0.00138803
15560.000000	0.00185659
15580.000000	0.0011705
15600.000000	0.000601043
15620.000000	0.00210789
15640.000000	0.00141878
15660.000000	0.000909563
15680.000000	0.000866752
15700.000000	0.00127221
15720.000000	0.000774274
15740.000000	0.000901108
15760.000000	0.00188386
15780.000000	0.00129475
15800.000000	0.000668902
15820.000000	0.000659428
15840.000000	0.00203818
15860.000000	0.00153086
15880.000000	0.00234311
15900.000000	0.000957863
15920.000000	0.00192463
15940.000000	0.00165923
15960.000000	0.00144066
15980.000000	0.0006686
16000.000000	0.00144374
16020.000000	0.000555384
16040.000000	0.000979043
16060.000000	0.00128822
16080.000000	0.000377004
16100.000000	0.000255801
16120.000000	0.00107316
16140.000000	0.00052999
16160.000000	0.000735745
16180.000000	0.00172618
16200.000000	0.000332975
16220.000000	0.000251102
16240.000000	0.000574093
16260.000000	0.000577623
16280.000000	0.000863772
16300.000000	0.000134904
16320.000000	5.96512e-05
16340.000000	0.00230861
16360.000000	0.000445104
16380.000000	0.00113533
16400.000000	0.000778839
16420.000000	0.00142663
16440.000000	0.00145044
16460.000000	0.00131585
16480.000000	0.00181899
16500.000000	0.0001796
16520.000000	0.000633705
16540.000000	0.00109707
16560.000000	0.000663528
16580.000000	0.00125858
16600.000000	0.00193757
16620.000000	0.00133317
16640.000000	0.00189599
16660.000000	0.000466325
16680.000000	0.00158889
16700.000000	0.00094038
16720.000000	0.00107683
16740.000000	0.000507276
16760.000000	0.00151974
16780.000000	0.000469173
16800.000000	0.000552179
16820.000000	0.000990603
16840.000000	0.00119371
16860.000000	0.00140551
16880.000000	0.000849316
16900.000000	0.00158873
16920.000000	0.00233104
16940.000000	0.000652478
16960.000000	0.000752867
16980.000000	0.0003
17000.000000	0.00131626
17020.000000	0.000713489
17040.000000	0.00143516
17060.000000	0.000905388
17080.000000	0.00141808
17100.000000	0.000229994
17120.000000	0.00193505
17140.000000	0.00228516
17160.000000	0.000876652
17180.000000	0.00117925
17200.000000	0.000186802
17220.000000	0.00119358
17240.000000	0.000413132
17260.000000	0.000813849
17280.000000	0.000987272
17300.000000	0.00136429
17320.000000	0.000721889
17340.000000	0.0025098
17360.000000	0.00082358
17380.000000	0.00101848
17400.000000	0.000761729
17420.000000	0.00051243
17440.000000	0.000576842
17460.000000	0.00089722
17480.000000	0.00096245
17500.000000	0.000948194
17520.000000	0.000992869
17540.000000	0.00223099
17560.000000	0.00113977
17580.000000	0.00104008
17600.000000	0.00103328
17620.000000	0.00100452
17640.000000	0.000934059
17660.000000	0.00147425
17680.000000	0.00176288
17700.000000	0.00251501
17720.000000	0.00109166
17740.000000	0.00139811
17760.000000	0.00293323
17780.000000	0.00145114
17800.000000	0.00079321
17820.000000	0.000356791
17840.000000	0.000806881
17860.000000	0.00112291
17880.000000	0.000247813
17900.000000	0.00168208
17920.000000	0.00169275
17940.000000	0.00149798
17960.000000	0.000654002
17980.000000	0.00148767
18000.000000	0.000237944
18020.000000	0.000716967
18040.000000	0.00104023
18060.000000	0.00142857
18080.000000	0.00272772
18100.000000	0.00137945
18120.000000	0.000505613
18140.000000	0.000704362
18160.000000	0.00114503
18180.000000	0.000971004
18200.000000	0.000555011
18220.000000	0.0002327
18240.000000	0.00302965
18260.000000	0.0012817
18280.000000	0.00132228
18300.000000	0.000386881
18320.000000	0.00219619
18340.000000	0.00144809
18360.000000	0.000533159
18380.000000	0.00115018
18400.000000	0.00141122
18420.000000	0.000837674
18440.000000	0.00096684
18460.000000	0.00065609
18480.000000	6.76844e-05
18500.000000	0.00100096
18520.000000	0.00185811
18540.000000	0.00117866
18560.000000	0.000239641
18580.000000	0.00225395
18600.000000	0.000658674
18620.000000	0.00117935
18640.000000	0.000748377
18660.000000	0.000924322
18680.000000	0.002006
18700.000000	0.000223238
18720.000000	0.000169022
18740.000000	0.000515399
18760.000000	0.00235972
18780.000000	0.000255893
18800.000000	0.000114533
18820.000000	0.000371062
18840.000000	0.000914597
18860.000000	0.000739304
18880.000000	0.000950719
18900.000000	0.00113986
18920.000000	0.001682
18940.000000	0.00103074
18960.000000	0.00123671
18980.000000	0.000837401
19000.000000	0.00126164
19020.000000	0.00065892
19040.000000	0.00172595
19060.000000	0.00101762
19080.000000	0.000828884
19100.000000	0.0011099
19120.000000	0.00204986
19140.000000	0.000892188
19160.000000	0.000959903
19180.000000	0.00137678
19200.000000	0.000926967
19220.000000	0.000767862
19240.000000	0.000985974
19260.000000	0.00170025
19280.000000	0.000347382
19300.000000	0.00194783
19320.000000	0.00209916
19340.000000	0.000604416
19360.000000	0.000933653
19380.000000	0.00140342
19400.000000	0.000288472
19420.000000	0.000584517
19440.000000	0.000748546
19460.000000	0.00100509
19480.000000	0.000490536
19500.000000	0.000936871
19520.000000	0.000866679
19540.000000	0.000833457
19560.000000	0.000178724
19580.000000	0.000836167
19600.000000	0.000151925
19620.000000	0.00155454
19640.000000	0.00169345
19660.000000	0.00235276
19680.000000	0.00174131
19700.000000	0.00118082
19720.000000	0.00095002
19740.000000	0.00150497
19760.000000	0.00147283
19780.000000	0.00136872
19800.000000	0.000303881
19820.000000	0.0013494
19840.000000	0.000954013
19860.000000	0.00110436
19880.000000	0.00110288
19900.000000	0.00107685
19920.000000	0.000791795
19940.000000	0.000558503
19960.000000	0.00225207
19980.000000	0.000555207
20000.000000	0.00173041
20020.000000	0.00135299
20040.000000	0.00142407
20060.000000	0.00144687
20080.000000	0.0012435
20100.000000	0.000342256
20120.000000	0.000748312
20140.000000	0.00148447
20160.000000	0.00026102
20180.000000	0.00226598
20200.000000	0.00143356
20220.000000	0.000669331
20240.000000	0.00115345
20260.000000	0.00120819
20280.000000	0.00196878
20300.000000	0.000922477
20320.000000	0.00107137
20340.000000	0.000899225
20360.000000	0.00162224
20380.000000	0.00128792
20400.000000	0.000463689
20420.000000	0.00162256
20440.000000	0.000567184
20460.000000	0.000870168
20480.000000	0.0015984
20500.000000	0.00201402
20520.000000	0.00145205
20540.000000	0.000377244
20560.000000	0.00131399
20580.000000	0.00144609
20600.000000	0.000884044
20620.000000	0.000981643
20640.000000	0.000638504
20660.000000	0.000630674
20680.000000	0.000313489
20700.000000	0.000290785
20720.000000	0.000425713
20740.000000	0.00120934
20760.000000	0.00123088
20780.000000	0.00205821
20800.000000	0.00189155
20820.000000	0.000961879
20840.000000	0.00217373
20860.000000	0.000685489
20880.000000	0.001613
20900.000000	0.000650323
20920.000000	0.000684112
20940.000000	0.00109789
20960.000000	0.00064588
20980.000000	0.00127004
21000.000000	0.00238841
21020.000000	0.00138989
21040.000000	0.00136622
21060.000000	0.00155578
21080.000000	0.000858321
21100.000000	0.00119864
21120.000000	0.00108969
21140.000000	0.00147165
21160.000000	0.00021833
21180.000000	0.0015244
21200.000000	0.000338374
21220.000000	0.00206659
21240.000000	0.000855736
21260.000000	0.00273696
21280.000000	0.00210784
21300.000000	0.000290203
21320.000000	0.00271461
21340.000000	0.00145635
21360.000000	0.00120474
21380.000000	0.00141093
21400.000000	0.00157169
21420.000000	0.00232955
21440.000000	0.00100722
21460.000000	0.00151435
21480.000000	0.000590292
21500.000000	0.000636538
21520.000000	0.000584882
21540.000000	0.000483165
21560.000000	0.000705601
21580.000000	0.000699097
21600.000000	0.00098746
21620.000000	0.00137039
21640.000000	0.000358314
21660.000000	0.000857705
21680.000000	0.000488949
21700.000000	0.000622516
21720.000000	0.00247293
21740.000000	0.00128306
21760.000000	0.00112576
21780.000000	0.00132624
21800.000000	0.00109119
21820.000000	7.18677e-05
21840.000000	0.000604015
21860.000000	0.000670523
21880.000000	0.00141985
21900.000000	0.00176148
21920.000000	0.000568729
21940.000000	0.00129734
21960.000000	0.00100332
21980.000000	0.00231285
22000.000000	0.000485018
22020.000000	0.000412343
22040.000000	0.00130893
22060.000000	0.000392176
22080.000000	0.00133985
22100.000000	0.00167789
22120.000000	0.000705301
22140.000000	0.00231067
22160.000000	0.00101918
22180.000000	0.000452117
22200.000000	0.00195754
22220.000000	0.0016636
22240.000000	0.00179978
22260.000000	0.00176561
22280.000000	0.00147935
22300.000000	0.000728886
22320.000000	0.00118415
22340.000000	0.000513898
22360.000000	0.000913299
22380.000000	0.000816698
22400.000000	0.000701942
22420.000000	0.000818407
22440.000000	0.00124842
22460.000000	0.000367249
22480.000000	0.00112156
22500.000000	0.000466221
22520.000000	0.00158213
22540.000000	0.00110457
22560.000000	0.000988818
22580.000000	0.00124076
22600.000000	0.000447286
22620.000000	0.000454804
22640.000000	0.000535395
22660.000000	0.00132297
22680.000000	0.00180777
22700.000000	0.00106906
22720.000000	0.00102935
22740.000000	0.0017329
22760.000000	0.00158622
22780.000000	0.000315953
22800.000000	0.000735204
22820.000000	0.000958649
22840.000000	0.000375395
22860.000000	0.000296575
22880.000000	0.00101259
22900.000000	0.00117377
22920.000000	0.00125573
22940.000000	0.000960233
22960.000000	0.00177045
22980.000000	0.000668452
23000.000000	0.000645923
23020.000000	0.00178731
23040.000000	0.000426218
23060.000000	0.00151294
23080.000000	0.00231404
23100.000000	0.00257712
23120.000000	0.00174041
23140.000000	0.00123431
23160.000000	0.00258552
23180.000000	0.00129452
23200.000000	0.00290451
23220.000000	0.000800503
23240.000000	0.00163305
23260.000000	0.000927642
23280.000000	0.0018482
23300.000000	0.000707328
23320.000000	0.000502421
23340.000000	0.00054596
23360.000000	0.0015659
23380.000000	0.000577447
23400.000000	0.000924872
23420.000000	0.00229319
23440.000000	0.000810077
23460.000000	0.000768796
23480.000000	0.00126969
23500.000000	0.00112495
23520.000000	0.00165766
23540.000000	0.000279166
23560.000000	0.000796976
23580.000000	0.000276352
23600.000000	0.00182384
23620.000000	0.000662167
23640.000000	0.000812684
23660.000000	0.00100295
23680.000000	0.00171133
23700.000000	0.0013938
23720.000000	0.00158178
23740.000000	0.000296442
23760.000000	0.00072578
23780.000000	0.00085445
23800.000000	0.00119887
23820.000000	0.000633638
23840.000000	0.000676301
23860.000000	0.000536933
23880.000000	0.00119368
23900.000000	0.00167066
23920.000000	0.000924737
23940.000000	0.00107474
23960.000000	0.000994443
23980.000000	0.000383849
24000.000000	0.0019025
24020.000000	0.000955041
24040.000000	0.00108498
24060.000000	0.00125161
24080.000000	0.00180838
24100.000000	0.000116605
24120.000000	0.00155416
24140.000000	0.00161276
24160.000000	0.00143633
24180.000000	0.00104887
24200.000000	0.00170851
24220.000000	0.0009913
24240.000000	0.00146612
24260.000000	0.000197067
24280.000000	0.00106551
24300.000000	0.00122853
24320.000000	0.000944489
24340.000000	0.00140058
24360.000000	0.000622431
24380.000000	0.00211878
24400.000000	0.000159488
24420.000000	0.000801516
24440.000000	0.000605141
24460.000000	0.00105753
24480.000000	0.000356922
24500.000000	0.00182061
24520.000000	0.000384728
24540.000000	0.000740214
24560.000000	0.000654417
24580.000000	0.000193296
24600.000000	0.00176395
24620.000000	0.00219481
24640.000000	0.000818699
24660.000000	0.00147349
24680.000000	0.00125016
24700.000000	0.000915461
24720.000000	0.00101625
24740.000000	0.000488181
24760.000000	0.00192726
24780.000000	0.000799829
24800.000000	0.00193344
24820.000000	0.000662632
24840.000000	0.0017805
24860.000000	0.00187739
24880.000000	0.00131202
24900.000000	0.00129811
24920.000000	0.00188593
24940.000000	0.000746606
24960.000000	0.00116828
24980.000000	0.000890053
25000.000000	0.000541893
25020.000000	0.000999769
25040.000000	0.00120182
25060.000000	0.000954969
25080.000000	0.000388776
25100.000000	0.00227958
25120.000000	0.00158101
25140.000000	0.000590022
25160.000000	0.000184966
25180.000000	0.00137288
25200.000000	0.000720293
25220.000000	0.00123934
25240.000000	0.00163398
25260.000000	0.00188405
25280.000000	0.000599343
25300.000000	0.000155823
25320.000000	0.000533974
25340.000000	0.000660566
25360.000000	0.000756451
25380.000000	0.000980159
25400.000000	0.0016176
25420.000000	0.000825576
25440.000000	0.00126125
25460.000000	0.00049872
25480.000000	0.0013517
25500.000000	0.00118124
25520.000000	0.00190884
25540.000000	0.000666489
25560.000000	0.00144353
25580.000000	0.00040932
25600.000000	0.00111114
25620.000000	0.000229427
25640.000000	0.0028545
25660.000000	0.000937731
25680.000000	0.00181507
25700.000000	0.00059795
25720.000000	0.000937701
25740.000000	0.00221547
25760.000000	0.00140844
25780.000000	0.00056505
25800.000000	0.000445011
25820.000000	0.00070187
25840.000000	0.00142249
25860.000000	0.00158372
25880.000000	0.00146999
25900.000000	0.000506978
25920.000000	0.00165839
25940.000000	0.000608205
25960.000000	0.00101776
25980.000000	0.00224682
26000.000000	0.000347236
26020.000000	0.0006405
26040.000000	0.000722668
26060.000000	0.00171831
26080.000000	0.00161429
26100.000000	0.000374609
26120.000000	0.000808864
26140.000000	0.00204544
26160.000000	0.000726396
26180.000000	0.0014401
26200.000000	0.000529155
26220.000000	0.000748892
26240.000000	0.00134458
26260.000000	0.000397343
26280.000000	0.00162603
26300.000000	0.00143409
26320.000000	0.00166875
26340.000000	0.00215574
26360.000000	0.000907116
26380.000000	0.000742154
26400.000000	0.000674621
26420.000000	0.00121133
26440.000000	0.00158919
26460.000000	0.00112315
26480.000000	0.00163547
26500.000000	0.00102211
26520.000000	0.00136688
26540.000000	0.000745526
26560.000000	0.00104232
26580.000000	0.00194345
26600.000000	0.000316413
26620.000000	0.00116532
26640.000000	0.000804528
26660.000000	0.000770931
26680.000000	0.00165235
26700.000000	0.00146344
26720.000000	0.00085474
26740.000000	0.000774468
26760.000000	0.000691288
26780.000000	0.00119106
26800.000000	0.000825963
26820.000000	0.000680744
26840.000000	0.000429303
26860.000000	0.00153379
26880.000000	0.000584506
26900.000000	0.0017487
26920.000000	0.00177344
26940.000000	0.0014306
26960.000000	0.00150454
26980.000000	0.00177101
27000.000000	0.000530548
27020.000000	0.000706335
27040.000000	0.0004486
27060.000000	0.00106262
27080.000000	0.000480212
27100.000000	0.000403036
27120.000000	0.00163552
27140.000000	0.00112735
27160.000000	0.00138954
27180.000000	0.00128387
27200.000000	0.000390782
27220.000000	0.00112019
27240.000000	0.00184522
27260.000000	0.00130407
27280.000000	0.00171986
27300.000000	0.00191986
27320.000000	0.000540825
27340.000000	0.000878065
27360.000000	0.00142754
27380.000000	0.0002374
27400.000000	0.00120156
27420.000000	0.000272365
27440.000000	0.000589985
27460.000000	0.00152275
27480.000000	0.000930679
27500.000000	0.000685609
27520.000000	0.000992765
27540.000000	0.00127201
27560.000000	0.00118912
27580.000000	0.00131492
27600.000000	0.000834224
27620.000000	0.0016647
27640.000000	0.000367777
27660.000000	0.000586972
27680.000000	0.000492919
27700.000000	0.00035648
27720.000000	0.000502512
27740.000000	0.00063778
27760.000000	0.0006287
27780.000000	0.00102551
27800.000000	0.000512109
27820.000000	0.0034144
27840.000000	0.000252098
27860.000000	0.000969454
27880.000000	0.000906601
27900.000000	0.00175102
27920.000000	0.00069484
27940.000000	0.000371514
27960.000000	0.00148673
27980.000000	0.00121479
28000.000000	0.00122329
28020.000000	0.00214128
28040.000000	0.000962511
28060.000000	0.0015354
28080.000000	0.00089055
28100.000000	0.000749304
28120.000000	0.00332503
28140.000000	0.00135638
28160.000000	0.000607381
28180.000000	0.000309359
28200.000000	0.000358215
28220.000000	0.00100802
28240.000000	0.000980557
28260.000000	0.00142335
28280.000000	0.000687111
28300.000000	0.000770727
28320.000000	0.00087632
28340.000000	0.00129327
28360.000000	0.00060021
28380.000000	0.002006
28400.000000	0.000245491
28420.000000	0.00148706
28440.000000	0.000993491
28460.000000	0.000871306
28480.000000	0.000104564
28500.000000	0.000684465
28520.000000	0.00169742
28540.000000	0.000980019
28560.000000	0.000161737
28580.000000	0.000585045
28600.000000	0.00134994
28620.000000	0.00125745
28640.000000	0.000502561
28660.000000	0.000665985
28680.000000	0.00115686
28700.000000	0.0012337
28720.000000	0.000287039
28740.000000	0.000391929
28760.000000	0.00157573
28780.000000	0.00115554
28800.000000	0.00223173
28820.000000	0.000200681
28840.000000	0.000756364
28860.000000	0.00141426
28880.000000	0.000538988
28900.000000	0.000465877
28920.000000	0.00175668
28940.000000	0.000688765
28960.000000	0.000900153
28980.000000	0.0014976
29000.000000	0.000517784
29020.000000	7.07152e-05
29040.000000	0.000491878
29060.000000	0.0015033
29080.000000	0.00185376
29100.000000	0.00131488
29120.000000	0.0017883
29140.000000	0.00213444
29160.000000	0.00205708
29180.000000	0.000681442
29200.000000	0.00106192
29220.000000	0.000648391
29240.000000	0.00140688
29260.000000	0.000825473
29280.000000	0.00122975
29300.000000	0.00133235
29320.000000	0.00166907
29340.000000	0.000902443
29360.000000	0.00096741
29380.000000	0.0015804
29400.000000	0.000611726
29420.000000	0.000494592
29440.000000	0.00109629
29460.000000	0.0012613
29480.000000	0.000752726
29500.000000	0.00130766
29520.000000	0.000690884
29540.000000	0.000640968
29560.000000	0.00141971
29580.000000	0.000465701
29600.000000	0.00105408
29620.000000	0.00175432
29640.000000	0.000736384
29660.000000	0.0013865
29680.000000	0.00162763
29700.000000	0.000898669
29720.000000	0.0016652
29740.000000	0.00205469
29760.000000	0.00145794
29780.000000	0.00121565
29800.000000	0.00103061
29820.000000	0.000693768
29840.000000	0.000398266
29860.000000	0.000677095
29880.000000	0.000588447
29900.000000	0.000244714
29920.000000	0.000396293
29940.000000	0.000817345
29960.000000	0.000405856
29980.000000	0.000560081
30000.000000	0.00064032
30020.000000	0.000990851
30040.000000	0.000777317
30060.000000	0.00140626
30080.000000	0.000481045
30100.000000	0.000909294
30120.000000	0.00219889
30140.000000	0.000745502
30160.000000	0.00240881
30180.000000	0.000840276
30200.000000	0.00108325
30220.000000	0.000470346
30240.000000	0.00102531
30260.000000	0.000638423
30280.000000	0.00103071
30300.000000	0.000890924
30320.000000	0.00149818
30340.000000	0.000439437
30360.000000	0.00106643
30380.000000	0.00170388
30400.000000	0.000837598
30420.000000	0.00159212
30440.000000	0.000924015
30460.000000	0.0010995
30480.000000	0.000389056
30500.000000	0.00145975
30520.000000	0.00066252
30540.000000	0.000972393
30560.000000	0.00167592
30580.000000	0.00226024
30600.000000	0.000555228
30620.000000	0.00133308
30640.000000	0.00170405
30660.000000	0.00254783
30680.000000	0.000141576
30700.000000	0.000954235
30720.000000	0.000579589
30740.000000	0.00125243
30760.000000	0.00112434
30780.000000	0.00139907
30800.000000	0.0014134
30820.000000	0.00122537
30840.000000	0.00133118
30860.000000	0.000507068
30880.000000	0.000565643
30900.000000	0.000554878
30920.000000	0.0007313
30940.000000	0.00156054
30960.000000	0.00117988
30980.000000	0.00042682
31000.000000	0.00114619
31020.000000	0.000867735
31040.000000	0.000731565
31060.000000	0.000553148
31080.000000	0.00116186
31100.000000	0.000526614
31120.000000	0.000717417
31140.000000	0.00261736
31160.000000	0.00226031
31180.000000	0.000784195
31200.000000	0.000735537
31220.000000	0.000992188
31240.000000	0.000673611
31260.000000	0.000579336
31280.000000	0.00139283
31300.000000	0.0013906
31320.000000	0.0015351
31340.000000	0.00064485
31360.000000	0.00122251
31380.000000	0.000964032
31400.000000	0.00106108
31420.000000	0.000509979
31440.000000	0.001017
31460.000000	0.00213184
31480.000000	0.000874102
31500.000000	0.000826946
31520.000000	0.00117578
31540.000000	0.00194148
31560.000000	0.000645395
31580.000000	0.000646336
31600.000000	0.00071746
31620.000000	0.00154062
31640.000000	0.00126068
31660.000000	0.00189759
31680.000000	0.00125051
31700.000000	0.000776754
31720.000000	0.000486479
31740.000000	0.000823738
31760.000000	0.000897989
31780.000000	0.000811714
31800.000000	0.000938718
31820.000000	0.00191674
31840.000000	0.00102868
31860.000000	0.00188197
31880.000000	0.000868355
31900.000000	0.00187748
31920.000000	0.000997191
31940.000000	0.00141266
31960.000000	0.000471829
31980.000000	0.00174397
32000.000000	0.0012775
32020.000000	0.001069
32040.000000	0.0015881
32060.000000	0.000867104
32080.000000	0.001671
32100.000000	0.00207203
32120.000000	0.000805456
32140.000000	0.000325724
32160.000000	0.00050753
32180.000000	0.00221562
32200.000000	0.000636075
32220.000000	0.00153821
32240.000000	0.000556163
32260.000000	0.000680062
32280.000000	0.000572961
32300.000000	0.00102431
32320.000000	0.000388258
32340.000000	0.00036503
32360.000000	0.00144143
32380.000000	0.00114908
32400.000000	0.000698038
32420.000000	0.000739651
32440.000000	0.00137308
32460.000000	0.00258856
32480.000000	0.000758833
32500.000000	0.000353635
32520.000000	0.00156748
32540.000000	0.00152349
32560.000000	0.000381665
32580.000000	0.000887457
32600.000000	0.00246739
32620.000000	0.00175083
32640.000000	0.000208907
32660.000000	0.000238175
32680.000000	0.00136589
32700.000000	0.00196669
32720.000000	0.000730665
32740.000000	0.00165258
32760.000000	0.00158059
32780.000000	0.000981792
32800.000000	0.000383279
32820.000000	0.000491232
32840.000000	0.0013867
32860.000000	0.000750632
32880.000000	0.00122657
32900.000000	0.000941604
32920.000000	0.000642547
32940.000000	0.000847784
32960.000000	0.000880328
32980.000000	0.000895309
33000.000000	0.00186914
33020.000000	0.000917462
33040.000000	0.000895984
33060.000000	0.00135762
33080.000000	0.000568319
33100.000000	0.000849119
33120.000000	0.000462506
33140.000000	0.000743023
33160.000000	0.00161258
33180.000000	0.000829934
33200.000000	0.000440557
33220.000000	0.00123051
33240.000000	0.000391001
33260.000000	0.000869856
33280.000000	0.00143225
33300.000000	0.000437194
33320.000000	0.000405842
33340.000000	0.000246104
33360.000000	0.00118361
33380.000000	0.000827699
33400.000000	0.000708057
33420.000000	0.00066852
33440.000000	0.00141271
33460.000000	0.00118818
33480.000000	0.00127566
33500.000000	0.000773405
33520.000000	0.000726099
33540.000000	0.000730552
33560.000000	0.00169019
33580.000000	0.000145438
33600.000000	0.00109873
33620.000000	0.0014933
33640.000000	0.000615947
33660.000000	0.000419924
33680.000000	0.000527849
33700.000000	0.00107631
33720.000000	0.000422409
33740.000000	0.00125112
33760.000000	0.00151529
33780.000000	0.0016082
33800.000000	0.00100073
33820.000000	0.00194092
33840.000000	0.00142707
33860.000000	0.0017498
33880.000000	0.00141697
33900.000000	0.00190298
33920.000000	0.000105549
33940.000000	0.00212336
33960.000000	0.000556725
33980.000000	0.000718121
34000.000000	0.00188318
34020.000000	0.00177389
34040.000000	0.00127792
34060.000000	0.000742452
34080.000000	0.00160333
34100.000000	0.000967298
34120.000000	0.000666827
34140.000000	0.00295487
34160.000000	0.00142097
34180.000000	0.000781182
34200.000000	0.000415061
34220.000000	0.00128299
34240.000000	0.00187125
34260.000000	0.000768356
34280.000000	0.00104112
34300.000000	0.00103982
34320.000000	0.000501907
34340.000000	0.000170152
34360.000000	0.00105383
34380.000000	0.000540132
34400.000000	0.000916727
34420.000000	0.000861773
34440.000000	0.00101481
34460.000000	0.00157843
34480.000000	0.000323509
34500.000000	0.00158183
34520.000000	0.00101031
34540.000000	0.000615428
34560.000000	0.00139807
34580.000000	0.00165402
34600.000000	0.000175215
34620.000000	0.000983886
34640.000000	0.000811552
34660.000000	0.00175586
34680.000000	0.00221659
34700.000000	0.000339823
34720.000000	0.000501564
34740.000000	0.00181015
34760.000000	0.000710653
34780.000000	0.000463252
34800.000000	0.000625317
34820.000000	0.000842953
34840.000000	0.00187416
34860.000000	0.00201219
34880.000000	0.00050638
34900.000000	0.0013327
34920.000000	2.27957e-05
34940.000000	0.00195389
34960.000000	0.00270402
34980.000000	0.00098998
35000.000000	0.00031486
35020.000000	0.00242695
35040.000000	0.00106722
35060.000000	0.00145245
35080.000000	0.000518121
35100.000000	0.00133629
35120.000000	0.000413957
35140.000000	0.00173143
35160.000000	0.00121942
35180.000000	0.000703193
35200.000000	0.000525612
35220.000000	0.00122809
35240.000000	0.00164209
35260.000000	0.000980812
35280.000000	0.00182262
35300.000000	0.000730323
35320.000000	0.000373109
35340.000000	0.00028467
35360.000000	0.000834287
35380.000000	0.000664453
35400.000000	0.000923289
35420.000000	0.000141448
35440.000000	0.001084
35460.000000	0.000907433
35480.000000	0.000935601
35500.000000	0.001105
35520.000000	5.6009e-05
35540.000000	0.00170402
35560.000000	0.00147526
35580.000000	0.00109679
35600.000000	0.000258614
35620.000000	0.00152529
35640.000000	0.000867432
35660.000000	0.000754504
35680.000000	0.000624248
35700.000000	0.00232323
35720.000000	0.00204042
35740.000000	0.00107564
35760.000000	0.00120786
35780.000000	0.00121063
35800.000000	0.000974263
35820.000000	0.000449719
35840.000000	0.000731532
35860.000000	0.00124928
35880.000000	0.00182133
35900.000000	0.000412113
35920.000000	8.46098e-05
35940.000000	0.0007427
35960.000000	0.00075269
35980.000000	0.00121505
36000.000000	0.000343286
36020.000000	0.000368026
36040.000000	0.000718469
36060.000000	0.00128383
36080.000000	0.000662612
36100.000000	0.00166448
36120.000000	0.00175803
36140.000000	0.00133297
36160.000000	0.00115743
36180.000000	0.000620522
36200.000000	0.0014021
36220.000000	0.000708988
36240.000000	0.00105278
36260.000000	0.00143167
36280.000000	0.000701639
36300.000000	0.00104281
36320.000000	0.00024072
36340.000000	0.00104725
36360.000000	0.00157191
36380.000000	0.00101901
36400.000000	0.000969666
36420.000000	0.00191682
36440.000000	0.000232877
36460.000000	0.000443102
36480.000000	0.000543513
36500.000000	0.000264356
36520.000000	0.00102823
36540.000000	0.00238097
36560.000000	0.000957639
36580.000000	0.000227326
36600.000000	0.00125522
36620.000000	0.00168055
36640.000000	0.000638698
36660.000000	0.00052048
36680.000000	0.000315556
36700.000000	0.000278647
36720.000000	0.00100872
36740.000000	0.00145278
36760.000000	0.00255731
36780.000000	0.000253102
36800.000000	0.000828352
36820.000000	0.000954521
36840.000000	0.000176001
36860.000000	0.000898739
36880.000000	0.00119572
36900.000000	0.00158455
36920.000000	0.000266592
36940.000000	0.000905358
36960.000000	0.000361586
36980.000000	0.00123734
37000.000000	0.00140737
37020.000000	0.00061845
37040.000000	0.000908853
37060.000000	0.00121491
37080.000000	0.00116664
37100.000000	0.000483639
37120.000000	0.00149645
37140.000000	0.000469107
37160.000000	0.000896331
37180.000000	0.000950045
37200.000000	0.00196685
37220.000000	0.00115661
37240.000000	0.00115818
37260.000000	0.00213597
37280.000000	0.000269993
37300.000000	0.000606186
37320.000000	0.00219261
37340.000000	0.0006838
37360.000000	0.00125592
37380.000000	0.000507175
37400.000000	0.0016326
37420.000000	0.00182731
37440.000000	0.000563305
37460.000000	0.00102031
37480.000000	0.000434752
37500.000000	0.00159182
37520.000000	0.00125349
37540.000000	0.000796653
37560.000000	0.000599976
37580.000000	0.000677279
37600.000000	0.000680051
37620.000000	0.000472485
37640.000000	0.000208094
37660.000000	0.00115867
37680.000000	0.000664056
37700.000000	0.001081
37720.000000	0.000881398
37740.000000	0.00132503
37760.000000	0.00174429
37780.000000	0.000772962
37800.000000	0.00107276
37820.000000	0.00091586
37840.000000	0.00135032
37860.000000	0.00155345
37880.000000	0.00148416
37900.000000	0.00107072
37920.000000	0.00194035
37940.000000	0.00247188
37960.000000	0.00153482
37980.000000	0.00194553
38000.000000	0.000273826
38020.000000	0.000179462
38040.000000	0.000326377
38060.000000	0.00148291
38080.000000	0.000940658
38100.000000	0.00224842
38120.000000	0.000537895
38140.000000	0.000368649
38160.000000	0.00149037
38180.000000	0.000627712
38200.000000	0.000667425
38220.000000	0.00140423
38240.000000	0.00112893
38260.000000	0.000670338
38280.000000	0.00117275
38300.000000	0.000700146
38320.000000	0.00121338
38340.000000	0.0015775
38360.000000	0.000701136
38380.000000	0.00155363
38400.000000	0.00126648
38420.000000	0.000654968
38440.000000	0.000606635
38460.000000	0.000335391
38480.000000	0.00138742
38500.000000	0.000513042
38520.000000	0.00117111
38540.000000	0.00133564
38560.000000	0.000513216
38580.000000	0.000909589
38600.000000	0.00180319
38620.000000	0.00114281
38640.000000	0.00160166
38660.000000	0.00059071
38680.000000	0.000708942
38700.000000	0.00157759
38720.000000	0.00138332
38740.000000	0.00175299
38760.000000	0.000682032
38780.000000	0.000365246
38800.000000	0.000559374
38820.000000	0.000536725
38840.000000	0.0013505
38860.000000	0.00101899
38880.000000	0.00103142
38900.000000	0.00102442
38920.000000	0.00134259
38940.000000	0.00141795
38960.000000	0.00149712
38980.000000	0.00204944
39000.000000	0.00108612
39020.000000	0.00146099
39040.000000	0.00175975
39060.000000	0.000906318
39080.000000	0.000604579
39100.000000	0.000867001
39120.000000	0.000891957
39140.000000	0.00145569
39160.000000	0.000628362
39180.000000	0.00015244
39200.000000	0.00117495
39220.000000	0.00179735
39240.000000	0.000953635
39260.000000	0.00225336
39280.000000	0.000216441
39300.000000	0.000583591
39320.000000	0.00230071
39340.000000	0.00215159
39360.000000	0.000514818
39380.000000	0.000582725
39400.000000	0.000820163
39420.000000	0.00175689
39440.000000	0.00156561
39460.000000	0.000200903
39480.000000	0.000400425
39500.000000	0.001142
39520.000000	0.000974079
39540.000000	0.00145685
39560.000000	0.00144009
39580.000000	0.000651183
39600.000000	0.000597088
39620.000000	0.00129053
39640.000000	0.00248539
39660.000000	0.00186011
39680.000000	0.000595742
39700.000000	0.00176236
39720.000000	0.0018974
39740.000000	0.00157901
39760.000000	0.00085608
39780.000000	0.00223263
39800.000000	0.00043083
39820.000000	0.00201734
39840.000000	0.000536852
39860.000000	0.000422262
39880.000000	0.00124389
39900.000000	0.000916649
39920.000000	0.00158643
39940.000000	0.000187816
39960.000000	0.000281086
39980.000000	0.00126787
40000.000000	0.00123085
40020.000000	0.000574121
40040.000000	0.00077587
40060.000000	0.00198303
40080.000000	0.00109258
40100.000000	0.000935937
40120.000000	0.000909609
40140.000000	0.000871275
40160.000000	0.000367608
40180.000000	0.000576518
40200.000000	0.000808508
40220.000000	0.000924441
40240.000000	0.000975263
40260.000000	0.00160326
40280.000000	0.000895118
40300.000000	0.00103854
40320.000000	0.00166137
40340.000000	0.000140122
40360.000000	0.0013623
40380.000000	0.000738328
40400.000000	0.00221281
40420.000000	0.000402169
40440.000000	0.00107394
40460.000000	0.00156663
40480.000000	0.000706167
40500.000000	0.000124389
40520.000000	0.000305944
40540.000000	0.000875887
40560.000000	0.000869634
40580.000000	0.00165426
40600.000000	0.0011171
40620.000000	0.00122186
40640.000000	0.000384622
40660.000000	0.000371014
40680.000000	0.00140914
40700.000000	0.000973076
40720.000000	0.00135657
40740.000000	0.00168591
40760.000000	0.00130433
40780.000000	0.000599476
40800.000000	0.00162093
40820.000000	0.000379215
40840.000000	0.000739319
40860.000000	0.00143495
40880.000000	0.000965862
40900.000000	0.000542664
40920.000000	0.000145053
40940.000000	0.000670844
