0.000012	0.142732
0.000024	0.169472
0.000037	0.180812
0.000049	0.337795
0.000061	0.502587
0.000073	0.411688
0.000085	0.485983
0.000098	0.495175
0.000110	0.509363
0.000122	0.68046
0.000134	0.817538
0.000146	0.792699
0.000159	0.907867
0.000171	0.877449
0.000183	1.0503
0.000195	0.997462
0.000208	0.919587
0.000220	0.961197
0.000232	1.0305
0.000244	1.10032
0.000256	1.16191
0.000269	1.20387
0.000281	1.03276
0.000293	1.10807
0.000305	1.24202
0.000317	1.27324
0.000330	1.25517
0.000342	1.16681
0.000354	1.24777
0.000366	1.17578
0.000378	1.28814
0.000391	1.13104
0.000403	1.10207
0.000415	1.06299
0.000427	1.26131
0.000439	1.05703
0.000452	1.12868
0.000464	1.15487
0.000476	1.07554
0.000488	1.0995
0.000500	0.967485
0.000513	0.968655
0.000525	0.9141
0.000537	1.1166
0.000549	1.03984
0.000562	0.933866
0.000574	1.04257
0.000586	1.03035
0.000598	0.931807
0.000610	0.809062
0.000623	0.92933
0.000635	0.778436
0.000647	0.767072
0.000659	0.878961
0.000671	0.879332
0.000684	0.631009
0.000696	0.766244
0.000708	0.743589
0.000720	0.674744
0.000732	0.621417
0.000745	0.529765
0.000757	0.578617
0.000769	0.735718
0.000781	0.534632
0.000793	0.645801
0.000806	0.654301
0.000818	0.533525
0.000830	0.462271
0.000842	0.51407
0.000854	0.602075
0.000867	0.393754
0.000879	0.333214
0.000891	0.352626
0.000903	0.38041
0.000916	0.543329
0.000928	0.327125
0.000940	0.450148
0.000952	0.47297
0.000964	0.265638
0.000977	0.401029
0.000989	0.32178
0.001001	0.165101
0.001013	0.169654
0.001025	0.368738
0.001038	0.343271
0.001050	0.0971349
0.001062	0.0664546
0.001074	0.284411
0.001086	0.213455
0.001099	0.131439
0.001111	0.0432818
0.001123	-0.012367
0.001135	0.151213
0.001147	-0.0332681
0.001160	-0.00354671
0.001172	0.0175886
0.001184	-0.0520254
0.001196	-0.12668
0.001208	-0.160317
0.001221	0.0184796
0.001233	-0.221382
0.001245	-0.176336
0.001257	-0.0408212
0.001270	-0.153724
0.001282	-0.15303
0.001294	-0.286393
0.001306	-0.146942
0.001318	-0.184299
0.001331	-0.365544
0.001343	-0.413757
0.001355	-0.295693
0.001367	-0.265808
0.001379	-0.35999
0.001392	-0.306357
0.001404	-0.326094
0.001416	-0.424206
0.001428	-0.504965
0.001440	-0.353473
0.001453	-0.481597
0.001465	-0.3412
0.001477	-0.519582
0.001489	-0.623733
0.001501	-0.606916
0.001514	-0.509751
0.001526	-0.596565
0.001538	-0.438392
0.001550	-0.658681
0.001562	-0.523952
0.001575	-0.689559
0.001587	-0.652914
0.001599	-0.769138
0.001611	-0.704686
0.001624	-0.603409
0.001636	-0.834861
0.001648	-0.864376
0.001660	-0.653774
0.001672	-0.820236
0.001685	-0.692196
0.001697	-0.771059
0.001709	-0.741041
0.001721	-0.91361
0.001733	-0.946869
0.001746	-0.869431
0.001758	-0.848591
0.001770	-1.0805
0.001782	-0.914895
0.001794	-1.064
0.001807	-1.08818
0.001819	-1.02218
0.001831	-0.920052
0.001843	-1.05394
0.001855	-1.14584
0.001868	-1.21673
0.001880	-1.04198
0.001892	-1.01415
0.001904	-1.14852
0.001917	-1.06144
0.001929	-1.22895
0.001941	-1.11281
0.001953	-0.984752
0.001965	-0.998224
0.001978	-1.06014
0.001990	-1.01875
0.002002	-0.991385
0.002014	-0.984601
0.002026	-0.942043
0.002039	-0.942978
0.002051	-0.981241
0.002063	-0.779034
0.002075	-0.917161
0.002087	-0.893819
0.002100	-0.832831
0.002112	-0.70327
0.002124	-0.572119
0.002136	-0.730677
0.002148	-0.714356
0.002161	-0.480067
0.002173	-0.491534
0.002185	-0.474721
0.002197	-0.331506
0.002209	-0.309841
0.002222	-0.138039
0.002234	-0.0701754
0.002246	-0.105355
0.002258	0.0725666
0.002271	0.0867574
0.002283	0.0126967
0.002295	0.190007
0.002307	0.305704
0.002319	0.343375
0.002332	0.460805
0.002344	0.461474
0.002356	0.421979
0.002368	0.561821
0.002380	0.657095
0.002393	0.777844
0.002405	0.659928
0.002417	0.720204
0.002429	0.764933
0.002441	0.807844
0.002454	1.04508
0.002466	0.974825
0.002478	1.02711
0.002490	1.06917
0.002502	1.16235
0.002515	1.17561
0.002527	1.17094
0.002539	1.16302
0.002551	1.1873
0.002563	1.13008
0.002576	1.1044
0.002588	1.07802
0.002600	1.1192
0.002612	1.08721
0.002625	1.31096
0.002637	1.09515
0.002649	1.2725
0.002661	1.07769
0.002673	1.05532
0.002686	1.27539
0.002698	1.22644
0.002710	1.25113
0.002722	1.13316
0.002734	1.24793
0.002747	1.07779
0.002759	0.992775
0.002771	1.16851
0.002783	1.09337
0.002795	1.10442
0.002808	1.00367
0.002820	0.923353
0.002832	1.03677
0.002844	0.824197
0.002856	1.02797
0.002869	0.878642
0.002881	0.727878
0.002893	0.736945
0.002905	0.8284
0.002917	0.918538
0.002930	0.844016
0.002942	0.863617
0.002954	0.646604
0.002966	0.807289
0.002979	0.592596
0.002991	0.700922
0.003003	0.725376
0.003015	0.657423
0.003027	0.588015
0.003040	0.6948
0.003052	0.613664
0.003064	0.505396
0.003076	0.576023
0.003088	0.533894
0.003101	0.413355
0.003113	0.525656
0.003125	0.601333
0.003137	0.414607
0.003149	0.542197
0.003162	0.472885
0.003174	0.3178
0.003186	0.365551
0.003198	0.507042
0.003210	0.486586
0.003223	0.342969
0.003235	0.259347
0.003247	0.380516
0.003259	0.376856
0.003271	0.232742
0.003284	0.195484
0.003296	0.301726
0.003308	0.102482
0.003320	0.103835
0.003333	0.281691
0.003345	0.261386
0.003357	0.0659445
0.003369	0.0996929
0.003381	0.211108
0.003394	0.144714
0.003406	-0.0541658
0.003418	0.0906366
0.003430	-0.0404187
0.003442	-0.0611721
0.003455	-0.00937502
0.003467	0.0138307
0.003479	-0.110998
0.003491	-0.200316
0.003503	-0.0846814
0.003516	-0.0192739
0.003528	-0.0537916
0.003540	-0.169977
0.003552	-0.33185
0.003564	-0.300477
0.003577	-0.25668
0.003589	-0.330151
0.003601	-0.153165
0.003613	-0.263389
0.003625	-0.195726
0.003638	-0.272084
0.003650	-0.23577
0.003662	-0.454403
0.003674	-0.403272
0.003687	-0.274708
0.003699	-0.470279
0.003711	-0.489409
0.003723	-0.539135
0.003735	-0.458048
0.003748	-0.60129
0.003760	-0.607466
0.003772	-0.480689
0.003784	-0.620822
0.003796	-0.460347
0.003809	-0.442955
0.003821	-0.582388
0.003833	-0.618911
0.003845	-0.737385
0.003857	-0.711019
0.003870	-0.54655
0.003882	-0.619409
0.003894	-0.777987
0.003906	-0.62872
0.003918	-0.798772
0.003931	-0.830538
0.003943	-0.811497
0.003955	-0.919604
0.003967	-0.826914
0.003979	-0.883136
0.003992	-0.813845
0.004004	-0.905944
0.004016	-1.02099
0.004028	-0.807811
0.004041	-0.920856
0.004053	-0.966908
0.004065	-0.877049
0.004077	-0.897234
0.004089	-0.943599
0.004102	-1.1542
0.004114	-0.983503
0.004126	-0.972738
0.004138	-1.1685
0.004150	-1.11934
0.004163	-1.22628
0.004175	-1.14837
0.004187	-1.14782
0.004199	-1.00938
0.004211	-1.03237
0.004224	-1.12385
0.004236	-1.2018
0.004248	-1.03229
0.004260	-1.07787
0.004272	-1.10496
0.004285	-0.936131
0.004297	-0.941172
0.004309	-0.968998
0.004321	-1.01976
0.004333	-0.831327
0.004346	-0.914794
0.004358	-0.810165
0.004370	-0.701034
0.004382	-0.665567
0.004395	-0.645497
0.004407	-0.56342
0.004419	-0.522142
0.004431	-0.610371
0.004443	-0.411979
0.004456	-0.365928
0.004468	-0.477259
0.004480	-0.378095
0.004492	-0.232077
0.004504	-0.225653
0.004517	-0.127736
0.004529	0.0793091
0.004541	-0.0121722
0.004553	0.169697
0.004565	0.200196
0.004578	0.156773
0.004590	0.401877
0.004602	0.243608
0.004614	0.381342
0.004626	0.511383
0.004639	0.559234
0.004651	0.647808
0.004663	0.650825
0.004675	0.754003
0.004688	0.781367
0.004700	0.87653
0.004712	0.857415
0.004724	1.02704
0.004736	0.909112
0.004749	0.948101
0.004761	1.099
0.004773	0.943967
0.004785	1.00505
0.004797	1.13463
0.004810	1.09639
0.004822	1.10872
0.004834	1.21531
0.004846	1.26502
0.004858	1.21442
0.004871	1.12381
0.004883	1.10589
0.004895	1.07858
0.004907	1.21012
0.004919	1.20584
0.004932	1.10582
0.004944	1.10385
0.004956	1.07299
0.004968	1.05603
0.004980	1.09514
0.004993	1.13298
0.005005	1.17891
0.005017	1.0208
0.005029	1.08446
0.005042	1.07314
0.005054	1.14063
0.005066	0.906905
0.005078	0.938984
0.005090	0.938686
0.005103	0.829126
0.005115	1.06111
0.005127	0.790985
0.005139	0.976906
0.005151	0.751854
0.005164	0.78423
0.005176	0.894569
0.005188	0.87948
0.005200	0.815721
0.005212	0.747435
0.005225	0.770025
0.005237	0.646698
0.005249	0.751798
0.005261	0.753304
0.005273	0.692211
0.005286	0.570947
0.005298	0.572674
0.005310	0.688307
0.005322	0.573901
0.005334	0.555509
0.005347	0.666673
0.005359	0.425429
0.005371	0.460345
0.005383	0.544133
0.005396	0.432545
0.005408	0.549801
0.005420	0.371709
0.005432	0.347653
0.005444	0.521708
0.005457	0.48656
0.005469	0.393294
0.005481	0.478989
0.005493	0.42704
0.005505	0.354786
0.005518	0.377389
0.005530	0.391156
0.005542	0.191773
0.005554	0.254894
0.005566	0.273402
0.005579	0.299721
0.005591	0.313635
0.005603	0.10343
0.005615	0.114743
0.005627	0.251718
0.005640	0.240643
0.005652	0.20818
0.005664	-0.0290621
0.005676	0.0684069
0.005688	0.0782086
0.005701	0.103054
0.005713	0.108537
0.005725	-0.0241294
0.005737	0.0458537
0.005750	-0.167301
0.005762	-0.19962
0.005774	-0.224506
0.005786	-0.0334845
0.005798	-0.136733
0.005811	-0.258236
0.005823	-0.145414
0.005835	-0.265733
0.005847	-0.192076
0.005859	-0.244767
0.005872	-0.397874
0.005884	-0.286937
0.005896	-0.297126
0.005908	-0.236212
0.005920	-0.304066
0.005933	-0.500226
0.005945	-0.309608
0.005957	-0.41969
0.005969	-0.490262
0.005981	-0.307996
0.005994	-0.384772
0.006006	-0.566281
0.006018	-0.552953
0.006030	-0.460052
0.006042	-0.586707
0.006055	-0.453901
0.006067	-0.599321
0.006079	-0.679426
0.006091	-0.519641
0.006104	-0.506475
0.006116	-0.495617
0.006128	-0.708303
0.006140	-0.707086
0.006152	-0.791073
0.006165	-0.793029
0.006177	-0.605685
0.006189	-0.792125
0.006201	-0.842519
0.006213	-0.847043
0.006226	-0.851635
0.006238	-0.756757
0.006250	-0.896608
0.006262	-0.772621
0.006274	-0.940374
0.006287	-1.00178
0.006299	-0.928084
0.006311	-0.914336
0.006323	-0.857298
0.006335	-0.875619
0.006348	-0.914076
0.006360	-1.10603
0.006372	-0.911942
0.006384	-0.932217
0.006396	-1.09058
0.006409	-1.0527
0.006421	-1.17807
0.006433	-1.18133
0.006445	-1.17582
0.006458	-1.08744
0.006470	-0.996265
0.006482	-1.22211
0.006494	-1.09657
0.006506	-1.19098
0.006519	-1.11772
0.006531	-0.95754
0.006543	-1.02458
0.006555	-1.09403
0.006567	-1.08979
0.006580	-0.906268
0.006592	-0.948928
0.006604	-0.917731
0.006616	-0.877664
0.006628	-0.75854
0.006641	-0.841901
0.006653	-0.848475
0.006665	-0.760157
0.006677	-0.559909
0.006689	-0.5237
0.006702	-0.620375
0.006714	-0.591743
0.006726	-0.388745
0.006738	-0.383787
0.006750	-0.40934
0.006763	-0.206948
0.006775	-0.0729336
0.006787	-0.0456307
0.006799	0.0437561
0.006812	-0.0859336
0.006824	-0.0465194
0.006836	0.134731
0.006848	0.18645
0.006860	0.266869
0.006873	0.29701
0.006885	0.424094
0.006897	0.563876
0.006909	0.466573
0.006921	0.505235
0.006934	0.640404
0.006946	0.698389
0.006958	0.887871
0.006970	0.67396
0.006982	0.813069
0.006995	0.998979
0.007007	0.857092
0.007019	1.04241
0.007031	0.898118
0.007043	1.0579
0.007056	1.20397
0.007068	1.21375
0.007080	1.2123
0.007092	1.05023
0.007104	1.1943
0.007117	1.21737
0.007129	1.13789
0.007141	1.14131
0.007153	1.22447
0.007166	1.09775
0.007178	1.1157
0.007190	1.08426
0.007202	1.1923
0.007214	1.31736
0.007227	1.17431
0.007239	1.29051
0.007251	1.10478
0.007263	1.01948
0.007275	1.20794
0.007288	1.12945
0.007300	1.10961
0.007312	1.01251
0.007324	0.933924
0.007336	1.0483
0.007349	1.04497
0.007361	0.96625
0.007373	0.950483
0.007385	1.0325
0.007397	0.919659
0.007410	0.903564
0.007422	0.842734
0.007434	0.846768
0.007446	0.814674
0.007458	0.729982
0.007471	0.822887
0.007483	0.649059
0.007495	0.844832
0.007507	0.84874
0.007520	0.671801
0.007532	0.767064
0.007544	0.553313
0.007556	0.75596
0.007568	0.733865
0.007581	0.634504
0.007593	0.700673
0.007605	0.545937
0.007617	0.574954
0.007629	0.46918
0.007642	0.514358
0.007654	0.568323
0.007666	0.581642
0.007678	0.355508
0.007690	0.601687
0.007703	0.556363
0.007715	0.555046
0.007727	0.458709
0.007739	0.445722
0.007751	0.359826
0.007764	0.36672
0.007776	0.262055
0.007788	0.271083
0.007800	0.417958
0.007813	0.337876
0.007825	0.335049
0.007837	0.237128
0.007849	0.17948
0.007861	0.111973
0.007874	0.138592
0.007886	0.10324
0.007898	0.146819
0.007910	0.0163845
0.007922	0.0546528
0.007935	0.0479717
0.007947	0.182298
0.007959	-0.0421342
0.007971	-0.0561315
0.007983	-0.0601233
0.007996	0.0308327
0.008008	-0.0725621
0.008020	-0.194945
0.008032	-0.123488
0.008044	-0.196879
0.008057	-0.258514
0.008069	-0.103764
0.008081	-0.205092
0.008093	-0.0703561
0.008105	-0.263928
0.008118	-0.35988
0.008130	-0.202316
0.008142	-0.3699
0.008154	-0.371051
0.008167	-0.184627
0.008179	-0.455144
0.008191	-0.245845
0.008203	-0.311395
0.008215	-0.388687
0.008228	-0.485627
0.008240	-0.327049
0.008252	-0.535897
0.008264	-0.466219
0.008276	-0.421988
0.008289	-0.559139
0.008301	-0.42905
0.008313	-0.639392
0.008325	-0.53019
0.008337	-0.422628
0.008350	-0.535228
0.008362	-0.498481
0.008374	-0.458664
0.008386	-0.743628
0.008398	-0.538524
0.008411	-0.676824
0.008423	-0.655075
0.008435	-0.761838
0.008447	-0.815952
0.008459	-0.606423
0.008472	-0.829655
0.008484	-0.698839
0.008496	-0.927027
0.008508	-0.704693
0.008521	-0.72365
0.008533	-0.935326
0.008545	-0.778999
0.008557	-0.780944
0.008569	-1.03577
0.008582	-0.837352
0.008594	-0.898795
0.008606	-1.05254
0.008618	-0.947243
0.008630	-0.928866
0.008643	-0.993838
0.008655	-1.09471
0.008667	-1.19333
0.008679	-1.10745
0.008691	-1.03722
0.008704	-1.09448
0.008716	-1.05812
0.008728	-1.16679
0.008740	-1.0728
0.008752	-1.06129
0.008765	-1.15878
0.008777	-1.10272
0.008789	-1.20176
0.008801	-0.979005
0.008813	-1.00051
0.008826	-1.03383
0.008838	-0.931138
0.008850	-1.05499
0.008862	-1.01624
0.008875	-0.840218
0.008887	-0.980084
0.008899	-0.928637
0.008911	-0.932792
0.008923	-0.795144
0.008936	-0.804933
0.008948	-0.763863
0.008960	-0.66859
0.008972	-0.441646
0.008984	-0.527375
0.008997	-0.571275
0.009009	-0.302051
0.009021	-0.430673
0.009033	-0.195387
0.009045	-0.276941
0.009058	-0.0342384
0.009070	-0.0758811
0.009082	0.0653863
0.009094	0.0816016
0.009106	0.205346
0.009119	0.171442
0.009131	0.196639
0.009143	0.216893
0.009155	0.319475
0.009167	0.412402
0.009180	0.458474
0.009192	0.698855
0.009204	0.733985
0.009216	0.584488
0.009229	0.66899
0.009241	0.707125
0.009253	0.784234
0.009265	0.955873
0.009277	0.908976
0.009290	0.932091
0.009302	0.918323
0.009314	1.16552
0.009326	1.17072
0.009338	1.10055
0.009351	1.24056
0.009363	1.09365
0.009375	1.1812
0.009387	1.07029
0.009399	1.26313
0.009412	1.15312
0.009424	1.15688
0.009436	1.24797
0.009448	1.29149
0.009460	1.0916
0.009473	1.12418
0.009485	1.2172
0.009497	1.2699
0.009509	1.16521
0.009521	1.02729
0.009534	1.02293
0.009546	1.21329
0.009558	1.0556
0.009570	0.957993
0.009583	0.942299
0.009595	1.02653
0.009607	1.04763
0.009619	0.927205
0.009631	1.03874
0.009644	0.914844
0.009656	1.06415
0.009668	0.888753
0.009680	0.894429
0.009692	0.987686
0.009705	0.787668
0.009717	0.696774
0.009729	0.907022
0.009741	0.81042
0.009753	0.79069
0.009766	0.87685
0.009778	0.693019
0.009790	0.646217
0.009802	0.64195
0.009814	0.547785
0.009827	0.54569
0.009839	0.705172
0.009851	0.559542
0.009863	0.478556
0.009875	0.610804
0.009888	0.642351
0.009900	0.436956
0.009912	0.579809
0.009924	0.63799
0.009937	0.472297
0.009949	0.53591
0.009961	0.597575
0.009973	0.535956
0.009985	0.371034
0.009998	0.333029
0.010010	0.493963
0.010022	0.406317
0.010034	0.268834
0.010046	0.275551
0.010059	0.214631
0.010071	0.191259
0.010083	0.288558
0.010095	0.157042
0.010107	0.183878
0.010120	0.114172
0.010132	0.342145
0.010144	0.113976
0.010156	0.238895
0.010168	0.0781558
0.010181	0.223463
0.010193	0.181643
0.010205	0.0359496
0.010217	0.0876337
0.010229	0.00687675
0.010242	-0.0232641
0.010254	-0.0929004
0.010266	-0.125734
0.010278	-0.0748986
0.010291	0.0147353
0.010303	-0.213405
0.010315	-0.0416068
0.010327	-0.141518
0.010339	-0.290923
0.010352	-0.0734094
0.010364	-0.320612
0.010376	-0.220068
0.010388	-0.183322
0.010400	-0.229512
0.010413	-0.247426
0.010425	-0.184564
0.010437	-0.181907
0.010449	-0.203066
0.010461	-0.382433
0.010474	-0.490496
0.010486	-0.463725
0.010498	-0.421434
0.010510	-0.279927
0.010522	-0.459532
0.010535	-0.540374
0.010547	-0.537548
0.010559	-0.549722
0.010571	-0.56024
0.010583	-0.410989
0.010596	-0.439434
0.010608	-0.508779
0.010620	-0.637897
0.010632	-0.444401
0.010645	-0.525236
0.010657	-0.492435
0.010669	-0.548512
0.010681	-0.747002
0.010693	-0.612241
0.010706	-0.6584
0.010718	-0.806798
0.010730	-0.705357
0.010742	-0.709867
0.010754	-0.739169
0.010767	-0.8527
0.010779	-0.885359
0.010791	-0.824732
0.010803	-0.947715
0.010815	-0.960136
0.010828	-0.903135
0.010840	-0.917941
0.010852	-0.930806
0.010864	-0.919275
0.010876	-1.05382
0.010889	-0.996929
0.010901	-1.1464
0.010913	-1.07278
0.010925	-1.17356
0.010937	-1.04516
0.010950	-1.0514
0.010962	-0.981617
0.010974	-1.12964
0.010986	-1.18245
0.010999	-1.21823
0.011011	-1.05839
0.011023	-1.16686
0.011035	-1.23383
0.011047	-1.10326
0.011060	-1.11261
0.011072	-1.19646
0.011084	-1.17297
0.011096	-1.03099
0.011108	-0.983095
0.011121	-0.933315
0.011133	-0.969437
0.011145	-1.00359
0.011157	-0.954832
0.011169	-0.988665
0.011182	-0.844264
0.011194	-0.776668
0.011206	-0.722692
0.011218	-0.742914
0.011230	-0.748808
0.011243	-0.654922
0.011255	-0.512501
0.011267	-0.345704
0.011279	-0.467082
0.011292	-0.228607
0.011304	-0.412153
0.011316	-0.116872
0.011328	-0.0487459
0.011340	0.0308229
0.011353	0.00867829
0.011365	-0.0583088
0.011377	-0.00988422
0.011389	0.129235
0.011401	0.221877
0.011414	0.287962
0.011426	0.458735
0.011438	0.529473
0.011450	0.495444
0.011462	0.489695
0.011475	0.678626
0.011487	0.57492
0.011499	0.857609
0.011511	0.705343
0.011523	0.798728
0.011536	0.817825
0.011548	0.855871
0.011560	0.864418
0.011572	0.898629
0.011584	1.11508
0.011597	1.04493
0.011609	1.01205
0.011621	0.988676
0.011633	1.26495
0.011646	1.06083
0.011658	1.11625
0.011670	1.28962
0.011682	1.09931
0.011694	1.19637
0.011707	1.27353
0.011719	1.08801
0.011731	1.088
0.011743	1.11339
0.011755	1.17193
0.011768	1.14739
0.011780	1.19274
0.011792	1.24593
0.011804	1.05222
0.011816	1.19009
0.011829	1.05302
0.011841	1.05952
0.011853	1.05468
0.011865	1.02483
0.011877	1.0777
0.011890	1.04719
0.011902	0.880359
0.011914	1.08511
0.011926	1.04867
0.011938	0.849729
0.011951	0.781411
0.011963	0.927553
0.011975	0.898018
0.011987	0.859794
0.012000	0.86894
0.012012	0.825405
0.012024	0.836081
0.012036	0.886887
0.012048	0.7361
0.012061	0.638864
0.012073	0.692037
0.012085	0.706484
0.012097	0.604448
0.012109	0.660826
0.012122	0.7062
0.012134	0.670425
0.012146	0.711983
0.012158	0.544257
0.012170	0.574895
0.012183	0.527456
0.012195	0.423651
0.012207	0.60442
0.012219	0.581676
0.012231	0.492074
0.012244	0.482732
0.012256	0.443138
0.012268	0.343716
0.012280	0.458522
0.012292	0.464829
0.012305	0.260183
0.012317	0.467243
0.012329	0.42631
0.012341	0.388701
0.012354	0.316876
0.012366	0.258075
0.012378	0.249635
0.012390	0.153939
0.012402	0.215103
0.012415	0.276374
0.012427	0.228415
0.012439	0.210498
0.012451	0.0727466
0.012463	0.0567152
0.012476	0.223952
0.012488	-0.0204842
0.012500	-0.0644148
0.012512	-0.0963901
0.012524	-0.102822
0.012537	0.061905
0.012549	-0.013064
0.012561	-0.05053
0.012573	0.0268837
0.012585	-0.0306906
0.012598	-0.0740956
0.012610	-0.0692576
0.012622	-0.208891
0.012634	-0.274314
0.012646	-0.0810053
0.012659	-0.357597
0.012671	-0.128123
0.012683	-0.300501
0.012695	-0.170702
0.012708	-0.41246
0.012720	-0.422385
0.012732	-0.344001
0.012744	-0.353821
0.012756	-0.261143
0.012769	-0.347137
0.012781	-0.274236
0.012793	-0.368526
0.012805	-0.480558
0.012817	-0.403532
0.012830	-0.343458
0.012842	-0.359377
0.012854	-0.632989
0.012866	-0.615288
0.012878	-0.653184
0.012891	-0.666968
0.012903	-0.544083
0.012915	-0.485863
0.012927	-0.553484
0.012939	-0.717218
0.012952	-0.741041
0.012964	-0.666015
0.012976	-0.583264
0.012988	-0.582693
0.013000	-0.628074
0.013013	-0.771838
0.013025	-0.649353
0.013037	-0.682997
0.013049	-0.849205
0.013062	-0.881222
0.013074	-0.767357
0.013086	-0.887726
0.013098	-0.82213
0.013110	-0.972344
0.013123	-0.994933
0.013135	-0.90893
0.013147	-0.857212
0.013159	-1.05871
0.013171	-1.04846
0.013184	-0.999844
0.013196	-1.10491
0.013208	-1.10465
0.013220	-1.05141
0.013232	-1.13889
0.013245	-1.00904
0.013257	-1.06106
0.013269	-1.13891
0.013281	-1.13196
0.013293	-1.01073
0.013306	-1.22036
0.013318	-1.08047
0.013330	-1.2256
0.013342	-0.971971
0.013354	-0.990385
0.013367	-0.925328
0.013379	-0.956872
0.013391	-1.08833
0.013403	-0.869656
0.013416	-0.813406
0.013428	-0.899452
0.013440	-0.861125
0.013452	-0.749437
0.013464	-0.834533
0.013477	-0.789708
0.013489	-0.707923
0.013501	-0.606072
0.013513	-0.71667
0.013525	-0.555749
0.013538	-0.359326
0.013550	-0.435165
0.013562	-0.472857
0.013574	-0.360681
0.013586	-0.147589
0.013599	-0.115706
0.013611	-0.0772054
0.013623	0.00684801
0.013635	0.0849461
0.013647	0.230792
0.013660	0.0538189
0.013672	0.251856
0.013684	0.27335
0.013696	0.497998
0.013708	0.449017
0.013721	0.438556
0.013733	0.625464
0.013745	0.618439
0.013757	0.54955
0.013770	0.84434
0.013782	0.751589
0.013794	0.700861
0.013806	0.8679
0.013818	1.03825
0.013831	0.870576
0.013843	1.08062
0.013855	0.970769
0.013867	1.09692
0.013879	1.07809
0.013892	1.06438
0.013904	1.01585
0.013916	1.21576
0.013928	1.23668
0.013940	1.16935
0.013953	1.31901
0.013965	1.29954
0.013977	1.09985
0.013989	1.30329
0.014001	1.20296
0.014014	1.27654
0.014026	1.28137
0.014038	1.29026
0.014050	1.129
0.014062	1.08364
0.014075	1.24694
0.014087	1.23816
0.014099	1.11573
0.014111	1.13148
0.014124	1.05358
0.014136	1.16271
0.014148	1.05643
0.014160	0.921829
0.014172	1.10929
0.014185	0.852254
0.014197	0.843433
0.014209	0.821962
0.014221	0.82707
0.014233	0.943912
0.014246	0.927521
0.014258	0.886156
0.014270	0.695042
0.014282	0.699247
0.014294	0.75022
0.014307	0.655691
0.014319	0.761376
0.014331	0.773859
0.014343	0.564652
0.014355	0.738236
0.014368	0.684404
0.014380	0.647637
0.014392	0.719934
0.014404	0.588258
0.014417	0.569754
0.014429	0.492028
0.014441	0.687913
0.014453	0.487175
0.014465	0.506483
0.014478	0.506935
0.014490	0.609987
0.014502	0.570293
0.014514	0.429486
0.014526	0.446453
0.014539	0.562786
0.014551	0.450379
0.014563	0.501437
0.014575	0.360162
0.014587	0.427486
0.014600	0.234755
0.014612	0.231256
0.014624	0.392888
0.014636	0.359204
0.014648	0.184679
0.014661	0.370246
0.014673	0.226893
0.014685	0.156813
0.014697	0.196658
0.014709	0.0840093
0.014722	0.0925877
0.014734	0.0535548
0.014746	0.174315
0.014758	-0.0168942
0.014771	-0.0568684
0.014783	-0.0511961
0.014795	0.0255562
0.014807	0.0142455
0.014819	-0.127829
0.014832	-0.145421
0.014844	-0.210951
0.014856	0.0240241
0.014868	-0.233746
0.014880	-0.0519875
0.014893	-0.210584
0.014905	-0.0738686
0.014917	-0.297943
0.014929	-0.100776
0.014941	-0.164477
0.014954	-0.240934
0.014966	-0.407179
0.014978	-0.193978
0.014990	-0.253937
0.015002	-0.238202
0.015015	-0.308003
0.015027	-0.251498
0.015039	-0.298927
0.015051	-0.490564
0.015063	-0.392413
0.015076	-0.4681
0.015088	-0.480363
0.015100	-0.351528
0.015112	-0.444106
0.015125	-0.583477
0.015137	-0.623773
0.015149	-0.644348
0.015161	-0.486212
0.015173	-0.698105
0.015186	-0.528558
0.015198	-0.491316
0.015210	-0.699898
0.015222	-0.575282
0.015234	-0.552784
0.015247	-0.729186
0.015259	-0.673194
0.015271	-0.700008
0.015283	-0.81073
0.015295	-0.690154
0.015308	-0.771423
0.015320	-0.927721
0.015332	-0.865693
0.015344	-0.82547
0.015356	-0.750953
0.015369	-1.00134
0.015381	-0.927849
0.015393	-0.81555
0.015405	-0.991731
0.015417	-1.03778
0.015430	-1.09898
0.015442	-0.88855
0.015454	-0.991434
0.015466	-0.95558
0.015479	-0.956472
0.015491	-1.04151
0.015503	-1.21395
0.015515	-1.14338
0.015527	-1.04649
0.015540	-1.03754
0.015552	-1.15479
0.015564	-1.13348
0.015576	-1.24157
0.015588	-1.09089
0.015601	-1.18764
0.015613	-0.975145
0.015625	-0.972041
0.015637	-0.983297
0.015649	-1.03751
0.015662	-1.0245
0.015674	-0.884112
0.015686	-0.988206
0.015698	-0.919892
0.015710	-0.955807
0.015723	-0.718077
0.015735	-0.723868
0.015747	-0.709179
0.015759	-0.637527
0.015771	-0.591329
0.015784	-0.724058
0.015796	-0.670815
0.015808	-0.389488
0.015820	-0.556971
0.015833	-0.493514
0.015845	-0.245148
0.015857	-0.124447
0.015869	-0.129251
0.015881	-0.219051
0.015894	-0.106165
0.015906	-0.00531275
0.015918	0.189608
0.015930	0.187851
0.015942	0.30934
0.015955	0.392069
0.015967	0.263381
0.015979	0.546899
0.015991	0.377212
0.016003	0.502986
0.016016	0.662834
0.016028	0.682733
0.016040	0.791549
0.016052	0.788059
0.016064	0.936441
0.016077	0.802516
0.016089	0.808517
0.016101	0.876607
0.016113	0.86557
0.016125	1.10179
0.016138	1.18409
0.016150	1.15902
0.016162	1.1997
0.016174	1.00005
0.016187	1.27898
0.016199	1.26296
0.016211	1.05593
0.016223	1.24102
0.016235	1.27239
0.016248	1.25643
0.016260	1.27706
0.016272	1.16642
0.016284	1.08644
0.016296	1.31745
0.016309	1.31111
0.016321	1.27956
0.016333	1.25138
0.016345	1.13583
0.016357	1.22893
0.016370	1.23408
0.016382	1.17944
0.016394	1.18985
0.016406	1.15487
0.016418	1.06172
0.016431	1.01415
0.016443	1.07607
0.016455	1.07061
0.016467	0.983883
0.016479	0.802022
0.016492	0.837017
0.016504	0.861403
0.016516	0.730151
0.016528	0.711809
0.016541	0.752011
0.016553	0.759624
0.016565	0.912048
0.016577	0.65131
0.016589	0.710135
0.016602	0.588957
0.016614	0.623855
0.016626	0.663806
0.016638	0.743038
0.016650	0.669614
0.016663	0.634304
0.016675	0.681489
0.016687	0.610732
0.016699	0.644779
0.016711	0.676415
0.016724	0.414302
0.016736	0.557028
0.016748	0.610616
0.016760	0.58172
0.016772	0.483607
0.016785	0.521719
0.016797	0.419765
0.016809	0.384645
0.016821	0.505564
0.016833	0.419253
0.016846	0.498612
0.016858	0.458881
0.016870	0.428694
0.016882	0.373408
0.016895	0.223168
0.016907	0.375108
0.016919	0.380171
0.016931	0.257343
0.016943	0.131133
0.016956	0.164503
0.016968	0.299161
0.016980	0.0700606
0.016992	0.156258
0.017004	0.0784624
0.017017	0.215885
0.017029	-0.0243166
0.017041	-0.0306241
0.017053	-0.0993996
0.017065	0.0561253
0.017078	0.100264
0.017090	0.0794924
0.017102	-0.19071
0.017114	-0.0773903
0.017126	-0.0280027
0.017139	-0.0403654
0.017151	-0.188218
0.017163	-0.0835325
0.017175	-0.180384
0.017187	-0.165581
0.017200	-0.191869
0.017212	-0.35657
0.017224	-0.243584
0.017236	-0.290408
0.017249	-0.19573
0.017261	-0.388098
0.017273	-0.294876
0.017285	-0.297636
0.017297	-0.374005
0.017310	-0.47239
0.017322	-0.309886
0.017334	-0.331193
0.017346	-0.453052
0.017358	-0.317645
0.017371	-0.500661
0.017383	-0.408176
0.017395	-0.563209
0.017407	-0.514336
0.017419	-0.406161
0.017432	-0.608105
0.017444	-0.65202
0.017456	-0.478231
0.017468	-0.679718
0.017480	-0.702881
0.017493	-0.575117
0.017505	-0.526877
0.017517	-0.722391
0.017529	-0.812801
0.017542	-0.640531
0.017554	-0.643875
0.017566	-0.70077
0.017578	-0.80636
0.017590	-0.686238
0.017603	-0.882201
0.017615	-0.926851
0.017627	-0.784418
0.017639	-0.795196
0.017651	-0.819094
0.017664	-0.931851
0.017676	-1.00132
0.017688	-1.01576
0.017700	-0.947925
0.017712	-1.11031
0.017725	-0.957822
0.017737	-1.00535
0.017749	-1.06101
0.017761	-1.06573
0.017773	-0.977341
0.017786	-0.962494
0.017798	-1.01667
0.017810	-1.19711
0.017822	-1.20226
0.017834	-1.05791
0.017847	-1.14428
0.017859	-1.05622
0.017871	-1.11693
0.017883	-1.03711
0.017896	-1.20587
0.017908	-1.05761
0.017920	-1.04551
0.017932	-0.917073
0.017944	-1.06472
0.017957	-1.03687
0.017969	-0.846739
0.017981	-0.798679
0.017993	-0.873856
0.018005	-0.779861
0.018018	-0.711506
0.018030	-0.780033
0.018042	-0.768958
0.018054	-0.74113
0.018066	-0.526231
0.018079	-0.420739
0.018091	-0.53019
0.018103	-0.409381
0.018115	-0.239872
0.018127	-0.205507
0.018140	-0.252208
0.018152	-0.069565
0.018164	-0.00824204
0.018176	-0.0998237
0.018188	-0.00129219
0.018201	0.238078
0.018213	0.290766
0.018225	0.299466
0.018237	0.34993
0.018250	0.421341
0.018262	0.405634
0.018274	0.539378
0.018286	0.467317
0.018298	0.5282
0.018311	0.671096
0.018323	0.778344
0.018335	0.740321
0.018347	0.762947
0.018359	0.874296
0.018372	0.983688
0.018384	1.04958
0.018396	0.905376
0.018408	1.15933
0.018420	0.99655
0.018433	0.99781
0.018445	1.22188
0.018457	1.27765
0.018469	1.10057
0.018481	1.10489
0.018494	1.25818
0.018506	1.31234
0.018518	1.19596
0.018530	1.27731
0.018542	1.22791
0.018555	1.21506
0.018567	1.32032
0.018579	1.16622
0.018591	1.22281
0.018604	1.17462
0.018616	1.09019
0.018628	1.059
0.018640	1.01777
0.018652	1.18182
0.018665	1.01559
0.018677	0.974746
0.018689	1.04386
0.018701	1.10987
0.018713	0.978956
0.018726	1.02174
0.018738	0.883349
0.018750	0.819356
0.018762	0.978909
0.018774	0.840581
0.018787	0.998225
0.018799	0.966115
0.018811	0.803571
0.018823	0.893192
0.018835	0.898079
0.018848	0.812954
0.018860	0.714567
0.018872	0.593506
0.018884	0.736273
0.018896	0.78809
0.018909	0.747681
0.018921	0.572922
0.018933	0.706173
0.018945	0.687574
0.018958	0.727362
0.018970	0.567776
0.018982	0.513322
0.018994	0.482605
0.019006	0.577171
0.019019	0.498074
0.019031	0.379086
0.019043	0.596028
0.019055	0.495459
0.019067	0.465582
0.019080	0.319018
0.019092	0.288374
0.019104	0.412358
0.019116	0.328594
0.019128	0.255173
0.019141	0.289859
0.019153	0.448769
0.019165	0.283782
0.019177	0.21688
0.019189	0.233456
0.019202	0.177952
0.019214	0.135433
0.019226	0.175997
0.019238	0.220838
0.019250	0.075612
0.019263	0.276936
0.019275	0.211248
0.019287	0.222957
0.019299	0.0865919
0.019312	0.0809902
0.019324	0.0907471
0.019336	0.0106744
0.019348	-0.138102
0.019360	-0.0764295
0.019373	0.00915904
0.019385	-0.0286128
0.019397	-0.0294896
0.019409	-0.0461878
0.019421	-0.120117
0.019434	-0.114424
0.019446	-0.143587
0.019458	-0.166363
0.019470	-0.173268
0.019482	-0.330052
0.019495	-0.327835
0.019507	-0.389033
0.019519	-0.311632
0.019531	-0.400638
0.019543	-0.336601
0.019556	-0.305539
0.019568	-0.357089
0.019580	-0.327384
0.019592	-0.317411
0.019604	-0.306742
0.019617	-0.390357
0.019629	-0.503627
0.019641	-0.539554
0.019653	-0.486722
0.019666	-0.566142
0.019678	-0.446331
0.019690	-0.647083
0.019702	-0.604856
0.019714	-0.633395
0.019727	-0.691407
0.019739	-0.56623
0.019751	-0.488175
0.019763	-0.563248
0.019775	-0.68855
0.019788	-0.607121
0.019800	-0.736385
0.019812	-0.836589
0.019824	-0.765242
0.019836	-0.808515
0.019849	-0.897148
0.019861	-0.784373
0.019873	-0.807446
0.019885	-0.939482
0.019897	-0.731653
0.019910	-0.826169
0.019922	-0.876638
0.019934	-0.89019
0.019946	-1.01861
0.019958	-1.02156
0.019971	-0.917098
0.019983	-1.01651
0.019995	-0.904373
0.020007	-1.16404
0.020020	-1.00974
0.020032	-1.09456
0.020044	-1.14282
0.020056	-1.1172
0.020068	-1.11055
0.020081	-1.0936
0.020093	-1.07275
0.020105	-1.09953
0.020117	-1.20199
0.020129	-1.07686
0.020142	-1.15168
0.020154	-0.991631
0.020166	-1.1165
0.020178	-0.93133
0.020190	-0.931592
0.020203	-1.13467
0.020215	-1.05185
0.020227	-0.839455
0.020239	-0.89822
0.020251	-0.806811
0.020264	-0.964813
0.020276	-0.69427
0.020288	-0.756226
0.020300	-0.664042
0.020312	-0.647069
0.020325	-0.53832
0.020337	-0.601016
0.020349	-0.542752
0.020361	-0.508028
0.020374	-0.434842
0.020386	-0.344343
0.020398	-0.135447
0.020410	-0.309454
0.020422	-0.252005
0.020435	-0.0948867
0.020447	0.0175764
0.020459	0.0988539
0.020471	0.0106014
0.020483	0.186815
0.020496	0.162787
0.020508	0.373347
0.020520	0.464837
0.020532	0.587296
0.020544	0.475702
0.020557	0.641327
0.020569	0.738702
0.020581	0.66543
0.020593	0.881512
0.020605	0.705193
0.020618	0.713413
0.020630	0.977585
0.020642	0.866474
0.020654	1.0951
0.020667	0.973975
0.020679	0.988667
0.020691	1.17502
0.020703	1.10074
0.020715	1.16839
0.020728	1.07643
0.020740	1.23832
0.020752	1.30887
0.020764	1.05567
0.020776	1.08352
0.020789	1.0862
0.020801	1.08595
0.020813	1.19607
0.020825	1.32631
0.020837	1.24264
0.020850	1.28032
0.020862	1.15335
0.020874	1.24329
0.020886	1.15046
0.020898	1.04549
0.020911	1.1902
0.020923	1.19012
0.020935	1.00736
0.020947	1.18848
0.020959	0.966803
0.020972	0.944592
0.020984	0.896803
0.020996	0.993818
0.021008	0.919438
0.021021	0.897463
0.021033	0.913367
0.021045	0.951511
0.021057	0.911294
0.021069	0.814045
0.021082	0.751814
0.021094	0.756532
0.021106	0.907961
0.021118	0.72153
0.021130	0.783901
0.021143	0.852338
0.021155	0.686954
0.021167	0.748083
0.021179	0.545091
0.021191	0.761239
0.021204	0.686463
0.021216	0.67596
0.021228	0.668058
0.021240	0.47655
0.021252	0.658015
0.021265	0.570933
0.021277	0.559546
0.021289	0.542096
0.021301	0.472426
0.021313	0.566727
0.021326	0.479646
0.021338	0.568189
0.021350	0.570686
0.021362	0.456598
0.021375	0.393195
0.021387	0.342491
0.021399	0.317649
0.021411	0.471318
0.021423	0.299792
0.021436	0.435566
0.021448	0.33256
0.021460	0.299072
0.021472	0.279491
0.021484	0.257478
0.021497	0.326742
0.021509	0.118334
0.021521	0.183179
0.021533	0.105117
0.021545	0.245551
0.021558	0.124802
0.021570	0.100005
0.021582	0.182538
0.021594	-0.0220371
0.021606	-0.0382091
0.021619	-0.130759
0.021631	-0.137496
0.021643	0.0456226
0.021655	-0.0418904
0.021667	-0.229553
0.021680	-0.0994343
0.021692	-0.165785
0.021704	-0.153436
0.021716	-0.187414
0.021729	-0.143608
0.021741	-0.227363
0.021753	-0.126413
0.021765	-0.384621
0.021777	-0.204157
0.021790	-0.200107
0.021802	-0.34004
0.021814	-0.273644
0.021826	-0.352097
0.021838	-0.414694
0.021851	-0.436758
0.021863	-0.515838
0.021875	-0.487554
0.021887	-0.426217
0.021899	-0.418493
0.021912	-0.356204
0.021924	-0.402306
0.021936	-0.583188
0.021948	-0.523582
0.021960	-0.465114
0.021973	-0.468654
0.021985	-0.493464
0.021997	-0.505989
0.022009	-0.494945
0.022021	-0.495579
0.022034	-0.574851
0.022046	-0.551012
0.022058	-0.671396
0.022070	-0.797219
0.022083	-0.651567
0.022095	-0.60679
0.022107	-0.669984
0.022119	-0.859559
0.022131	-0.695575
0.022144	-0.908955
0.022156	-0.720241
0.022168	-0.80453
0.022180	-0.870269
0.022192	-0.867628
0.022205	-0.922823
0.022217	-0.853529
0.022229	-1.03518
0.022241	-0.971459
0.022253	-1.0356
0.022266	-0.957281
0.022278	-1.04678
0.022290	-1.11909
0.022302	-1.06677
0.022314	-1.04644
0.022327	-1.03777
0.022339	-1.17489
0.022351	-1.13526
0.022363	-1.12777
0.022375	-1.16298
0.022388	-1.08705
0.022400	-1.14411
0.022412	-1.23171
0.022424	-1.10426
0.022437	-0.98328
0.022449	-1.16756
0.022461	-1.13468
0.022473	-0.938566
0.022485	-1.0652
0.022498	-1.01067
0.022510	-0.889066
0.022522	-0.927431
0.022534	-0.922527
0.022546	-0.763698
0.022559	-0.656578
0.022571	-0.798275
0.022583	-0.754523
0.022595	-0.728817
0.022607	-0.573882
0.022620	-0.439344
0.022632	-0.452118
0.022644	-0.464803
0.022656	-0.397513
0.022668	-0.192345
0.022681	-0.314656
0.022693	-0.211376
0.022705	-0.074443
0.022717	-0.0535341
0.022729	0.0967993
0.022742	0.245575
0.022754	0.232405
0.022766	0.186451
0.022778	0.36248
0.022791	0.432471
0.022803	0.32107
0.022815	0.51148
0.022827	0.466836
0.022839	0.544183
0.022852	0.722792
0.022864	0.699832
0.022876	0.886299
0.022888	0.787423
0.022900	0.953423
0.022913	0.828626
0.022925	0.839041
0.022937	1.05939
0.022949	1.00705
0.022961	1.00249
0.022974	1.18711
0.022986	1.22578
0.022998	1.10956
0.023010	1.1232
0.023022	1.1692
0.023035	1.22877
0.023047	1.10483
0.023059	1.22481
0.023071	1.31326
0.023083	1.25145
0.023096	1.31742
0.023108	1.30145
0.023120	1.31411
0.023132	1.29333
0.023145	1.06883
0.023157	1.1862
0.023169	1.16561
0.023181	1.03167
0.023193	1.00341
0.023206	1.14435
0.023218	1.11633
0.023230	1.11786
0.023242	0.90978
0.023254	1.0151
0.023267	0.957655
0.023279	1.04865
0.023291	0.985492
0.023303	0.89812
0.023315	0.992493
0.023328	0.843444
0.023340	0.721371
0.023352	0.88365
0.023364	0.749955
0.023376	0.761693
0.023389	0.740923
0.023401	0.819764
0.023413	0.610726
0.023425	0.728679
0.023437	0.653063
0.023450	0.620805
0.023462	0.677898
0.023474	0.671679
0.023486	0.5392
0.023499	0.616853
0.023511	0.599749
0.023523	0.524481
0.023535	0.46287
0.023547	0.440023
0.023560	0.606971
0.023572	0.444399
0.023584	0.400772
0.023596	0.468818
0.023608	0.417559
0.023621	0.366176
0.023633	0.560261
0.023645	0.472563
0.023657	0.353335
0.023669	0.415484
0.023682	0.261596
0.023694	0.257807
0.023706	0.191781
0.023718	0.206445
0.023730	0.385261
0.023743	0.295533
0.023755	0.251566
0.023767	0.158866
0.023779	0.166849
0.023792	0.292333
0.023804	0.0657084
0.023816	0.0158503
0.023828	0.0365294
0.023840	0.154162
0.023853	0.115002
0.023865	0.0199107
0.023877	-0.0382533
0.023889	-0.0780787
0.023901	0.0379419
0.023914	-0.0654637
0.023926	-0.111725
0.023938	-0.0822539
0.023950	-0.0615917
0.023962	-0.134657
0.023975	-0.0200917
0.023987	-0.30338
0.023999	-0.320225
0.024011	-0.0836504
0.024023	-0.16637
0.024036	-0.283818
0.024048	-0.146103
0.024060	-0.363346
0.024072	-0.28485
0.024084	-0.193065
0.024097	-0.375203
0.024109	-0.367123
0.024121	-0.343998
0.024133	-0.458763
0.024146	-0.521805
0.024158	-0.468919
0.024170	-0.526265
0.024182	-0.523882
0.024194	-0.498735
0.024207	-0.513257
0.024219	-0.37112
0.024231	-0.633079
0.024243	-0.45075
0.024255	-0.614988
0.024268	-0.625177
0.024280	-0.57546
0.024292	-0.551997
0.024304	-0.587626
0.024316	-0.667924
0.024329	-0.693607
0.024341	-0.692441
0.024353	-0.728648
0.024365	-0.658422
0.024377	-0.745223
0.024390	-0.706276
0.024402	-0.790465
0.024414	-0.706651
0.024426	-0.782131
0.024438	-0.795865
0.024451	-0.885966
0.024463	-0.852127
0.024475	-0.940458
0.024487	-0.82487
0.024500	-0.930161
0.024512	-0.935309
0.024524	-1.13454
0.024536	-0.898385
0.024548	-0.941905
0.024561	-1.1193
0.024573	-1.108
0.024585	-1.14545
0.024597	-1.15946
0.024609	-1.11816
0.024622	-1.22057
0.024634	-1.10533
0.024646	-1.04993
0.024658	-1.07753
0.024670	-1.1829
0.024683	-1.13639
0.024695	-1.21674
0.024707	-0.959501
0.024719	-0.972812
0.024731	-0.969702
0.024744	-0.971977
0.024756	-1.04133
0.024768	-0.968106
0.024780	-1.02311
0.024792	-0.977016
0.024805	-0.947608
0.024817	-0.894789
0.024829	-0.727508
0.024841	-0.633405
0.024854	-0.63867
0.024866	-0.506344
0.024878	-0.579055
0.024890	-0.562164
0.024902	-0.603137
0.024915	-0.415325
0.024927	-0.419357
0.024939	-0.2571
0.024951	-0.129521
0.024963	-0.154887
0.024976	0.00693422
0.024988	-0.0833344
0.025000	0.0668522
0.025012	0.16883
0.025024	0.045686
0.025037	0.166682
0.025049	0.428244
0.025061	0.433019
0.025073	0.461438
0.025085	0.60432
0.025098	0.576114
0.025110	0.584198
0.025122	0.697577
0.025134	0.65902
0.025146	0.885588
0.025159	0.72554
0.025171	0.871048
0.025183	0.811482
0.025195	0.925318
0.025208	1.00591
0.025220	1.16515
0.025232	0.945502
0.025244	1.09746
0.025256	1.21051
0.025269	1.12195
0.025281	1.16508
0.025293	1.12625
0.025305	1.23242
0.025317	1.09526
0.025330	1.20046
0.025342	1.11696
0.025354	1.15688
0.025366	1.27688
0.025378	1.26877
0.025391	1.06625
0.025403	1.07938
0.025415	1.29949
0.025427	1.28697
0.025439	1.23478
0.025452	1.14493
0.025464	1.02887
0.025476	1.06423
0.025488	1.19058
0.025500	1.1286
0.025513	1.06883
0.025525	1.09807
0.025537	1.09539
0.025549	0.953613
0.025562	1.05902
0.025574	0.859213
0.025586	1.03045
0.025598	0.810921
0.025610	0.810703
0.025623	0.836567
0.025635	0.706146
0.025647	0.866797
0.025659	0.648512
0.025671	0.735217
0.025684	0.721127
0.025696	0.717814
0.025708	0.814759
0.025720	0.71501
0.025732	0.752099
0.025745	0.522037
0.025757	0.599511
0.025769	0.71161
0.025781	0.504221
0.025793	0.633194
0.025806	0.655853
0.025818	0.410864
0.025830	0.465912
0.025842	0.389618
0.025854	0.468102
0.025867	0.48848
0.025879	0.369874
0.025891	0.408824
0.025903	0.38911
0.025916	0.288776
0.025928	0.477093
0.025940	0.404004
0.025952	0.395057
0.025964	0.415703
0.025977	0.413999
0.025989	0.425509
0.026001	0.222403
0.026013	0.380334
0.026025	0.122193
0.026038	0.170124
0.026050	0.1637
0.026062	0.180028
0.026074	0.242834
0.026086	0.171189
0.026099	0.105277
0.026111	0.132387
0.026123	0.117639
0.026135	0.145945
0.026147	0.0317295
0.026160	0.0960484
0.026172	-0.000286773
0.026184	0.0145239
0.026196	0.0302539
0.026208	-0.174551
0.026221	-0.0394228
0.026233	-0.198421
0.026245	-0.0958441
0.026257	-0.0620629
0.026270	-0.164564
0.026282	-0.333838
0.026294	-0.292188
0.026306	-0.277813
0.026318	-0.231252
0.026331	-0.179252
0.026343	-0.394564
0.026355	-0.329676
0.026367	-0.245786
0.026379	-0.373495
0.026392	-0.39966
0.026404	-0.282618
0.026416	-0.520858
0.026428	-0.531704
0.026440	-0.376424
0.026453	-0.349826
0.026465	-0.410205
0.026477	-0.568694
0.026489	-0.402857
0.026501	-0.545915
0.026514	-0.654131
0.026526	-0.58069
0.026538	-0.637797
0.026550	-0.460936
0.026562	-0.711529
0.026575	-0.73203
0.026587	-0.739404
0.026599	-0.744617
0.026611	-0.724196
0.026624	-0.609406
0.026636	-0.831582
0.026648	-0.804727
0.026660	-0.660578
0.026672	-0.822752
0.026685	-0.763418
0.026697	-0.734816
0.026709	-0.917265
0.026721	-0.965639
0.026733	-0.944609
0.026746	-0.935634
0.026758	-0.914125
0.026770	-1.08154
0.026782	-1.02762
0.026794	-0.956187
0.026807	-1.11596
0.026819	-1.15786
0.026831	-0.950466
0.026843	-0.970725
0.026855	-1.15063
0.026868	-1.02627
0.026880	-1.16776
0.026892	-1.07332
0.026904	-1.21218
0.026917	-1.11664
0.026929	-1.09038
0.026941	-1.09405
0.026953	-1.08241
0.026965	-1.03614
0.026978	-1.01686
0.026990	-0.95592
0.027002	-1.0353
0.027014	-0.93804
0.027026	-1.08957
0.027039	-0.993693
0.027051	-0.937196
0.027063	-0.997779
0.027075	-0.931633
0.027087	-0.755998
0.027100	-0.833605
0.027112	-0.625482
0.027124	-0.770501
0.027136	-0.526984
0.027148	-0.727612
0.027161	-0.431175
0.027173	-0.360027
0.027185	-0.515759
0.027197	-0.238291
0.027209	-0.208748
0.027222	-0.365864
0.027234	-0.161749
0.027246	-0.0837994
0.027258	-0.101046
0.027271	-0.0639855
0.027283	0.150589
0.027295	0.231204
0.027307	0.293537
0.027319	0.230028
0.027332	0.31434
0.027344	0.411394
0.027356	0.621914
0.027368	0.478184
0.027380	0.743105
0.027393	0.57434
0.027405	0.788768
0.027417	0.7555
0.027429	0.875474
0.027441	0.987939
0.027454	0.795906
0.027466	0.953187
0.027478	0.936432
0.027490	0.897778
0.027502	0.942336
0.027515	1.01862
0.027527	0.986294
0.027539	1.2619
0.027551	1.07183
0.027563	1.0844
0.027576	1.29649
0.027588	1.06364
0.027600	1.1157
0.027612	1.18772
0.027625	1.22813
0.027637	1.18803
0.027649	1.22227
0.027661	1.22275
0.027673	1.0994
0.027686	1.12299
0.027698	1.25816
0.027710	1.14874
0.027722	1.20068
0.027734	1.02958
0.027747	1.16176
0.027759	1.14631
0.027771	1.01665
0.027783	1.03619
0.027795	1.02325
0.027808	0.872353
0.027820	0.956263
0.027832	0.976426
0.027844	0.941247
0.027856	0.970199
0.027869	0.916908
0.027881	0.894908
0.027893	0.79219
0.027905	0.862022
0.027917	0.824442
0.027930	0.783782
0.027942	0.851558
0.027954	0.834596
0.027966	0.822669
0.027979	0.57703
0.027991	0.629429
0.028003	0.657927
0.028015	0.644738
0.028027	0.556293
0.028040	0.502412
0.028052	0.645057
0.028064	0.591279
0.028076	0.505351
0.028088	0.462899
0.028101	0.566763
0.028113	0.506633
0.028125	0.614313
0.028137	0.45155
0.028149	0.551321
0.028162	0.518679
0.028174	0.543573
0.028186	0.513362
0.028198	0.315746
0.028210	0.382013
0.028223	0.33783
0.028235	0.280282
0.028247	0.224209
0.028259	0.268748
0.028271	0.308923
0.028284	0.342799
0.028296	0.369522
0.028308	0.11843
0.028320	0.239091
0.028333	0.26748
0.028345	0.292714
0.028357	0.185634
0.028369	0.103988
0.028381	0.174986
0.028394	-0.018281
0.028406	0.0984076
0.028418	0.132127
0.028430	0.0979793
0.028442	-0.0927158
0.028455	-0.128557
0.028467	-0.188766
0.028479	0.0108659
0.028491	-0.0685202
0.028503	-0.184298
0.028516	-0.130467
0.028528	-0.182872
0.028540	-0.313799
0.028552	-0.21727
0.028564	-0.281746
0.028577	-0.321797
0.028589	-0.320143
0.028601	-0.409573
0.028613	-0.307571
0.028625	-0.342025
0.028638	-0.366599
0.028650	-0.473772
0.028662	-0.363387
0.028674	-0.429992
0.028687	-0.406761
0.028699	-0.514007
0.028711	-0.44034
0.028723	-0.459861
0.028735	-0.562087
0.028748	-0.367925
0.028760	-0.564314
0.028772	-0.567722
0.028784	-0.504885
0.028796	-0.555704
0.028809	-0.571591
0.028821	-0.497994
0.028833	-0.56345
0.028845	-0.618617
0.028857	-0.504761
0.028870	-0.629293
0.028882	-0.600257
0.028894	-0.682922
0.028906	-0.840544
0.028918	-0.653442
0.028931	-0.890893
0.028943	-0.734589
0.028955	-0.839392
0.028967	-0.877261
0.028979	-0.792636
0.028992	-0.777815
0.029004	-1.01259
0.029016	-1.02501
0.029028	-1.00978
0.029041	-0.936485
0.029053	-0.997643
0.029065	-0.941074
0.029077	-0.956591
0.029089	-0.925265
0.029102	-1.13895
0.029114	-0.966898
0.029126	-0.99104
0.029138	-1.0201
0.029150	-1.09977
0.029163	-1.12864
0.029175	-1.18533
0.029187	-0.986883
0.029199	-1.09735
0.029211	-1.01387
0.029224	-1.11414
0.029236	-1.08351
0.029248	-1.09653
0.029260	-1.04901
0.029272	-1.16161
0.029285	-0.942194
0.029297	-1.03699
0.029309	-1.086
0.029321	-0.948917
0.029333	-0.846931
0.029346	-0.812142
0.029358	-0.918821
0.029370	-0.680608
0.029382	-0.66956
0.029395	-0.758169
0.029407	-0.744966
0.029419	-0.631764
0.029431	-0.483778
0.029443	-0.38755
0.029456	-0.534907
0.029468	-0.242332
0.029480	-0.428417
0.029492	-0.294451
0.029504	-0.0990274
0.029517	-0.0296583
0.029529	0.0365064
0.029541	0.0320887
0.029553	-0.039182
0.029565	0.228329
0.029578	0.113064
0.029590	0.211503
0.029602	0.281445
0.029614	0.455921
0.029626	0.526769
0.029639	0.625926
0.029651	0.665739
0.029663	0.660148
0.029675	0.72488
0.029687	0.862296
0.029700	0.686698
0.029712	0.812688
0.029724	0.940617
0.029736	0.880623
0.029749	0.9238
0.029761	1.00859
0.029773	1.07281
0.029785	1.0692
0.029797	1.2046
0.029810	1.17182
0.029822	1.1073
0.029834	1.11629
0.029846	1.21538
0.029858	1.25268
0.029871	1.23242
0.029883	1.18287
0.029895	1.21492
0.029907	1.18593
0.029919	1.32709
0.029932	1.30328
0.029944	1.10779
0.029956	1.06052
0.029968	1.06312
0.029980	1.13692
0.029993	1.1951
0.030005	1.20138
0.030017	1.12927
0.030029	1.07451
0.030042	1.10494
0.030054	0.949977
0.030066	1.06788
0.030078	1.05095
0.030090	0.97331
0.030103	0.903683
0.030115	0.874583
0.030127	0.801308
0.030139	0.78105
0.030151	0.964167
0.030164	0.858708
0.030176	0.948679
0.030188	0.807226
0.030200	0.708782
0.030212	0.702532
0.030225	0.648131
0.030237	0.84802
0.030249	0.815507
0.030261	0.798396
0.030273	0.669872
0.030286	0.610466
0.030298	0.739012
0.030310	0.593428
0.030322	0.617363
0.030334	0.529385
0.030347	0.578879
0.030359	0.510671
0.030371	0.406336
0.030383	0.568811
0.030396	0.62626
0.030408	0.575838
0.030420	0.428181
0.030432	0.350718
0.030444	0.438721
0.030457	0.294993
0.030469	0.430982
0.030481	0.470559
0.030493	0.318946
0.030505	0.402798
0.030518	0.443103
0.030530	0.315375
0.030542	0.314263
0.030554	0.194717
0.030566	0.125367
0.030579	0.315271
0.030591	0.208556
0.030603	0.193501
0.030615	0.241615
0.030627	0.210347
0.030640	0.105806
0.030652	0.0427136
0.030664	-0.0309136
0.030676	0.00990894
0.030688	-0.0921372
0.030701	0.144664
0.030713	0.0239145
0.030725	-0.0122687
0.030737	-0.0972936
0.030750	0.0540679
0.030762	-0.163081
0.030774	-0.173938
0.030786	-0.0560785
0.030798	-0.133722
0.030811	-0.204604
0.030823	-0.250995
0.030835	-0.0942893
0.030847	-0.370754
0.030859	-0.358779
0.030872	-0.334524
0.030884	-0.417604
0.030896	-0.345424
0.030908	-0.248643
0.030920	-0.312243
0.030933	-0.338701
0.030945	-0.470073
0.030957	-0.412316
0.030969	-0.523816
0.030981	-0.378389
0.030994	-0.520526
0.031006	-0.371206
0.031018	-0.578183
0.031030	-0.491273
0.031042	-0.573483
0.031055	-0.53763
0.031067	-0.530888
0.031079	-0.624592
0.031091	-0.597992
0.031104	-0.606181
0.031116	-0.583929
0.031128	-0.655284
0.031140	-0.590253
0.031152	-0.558818
0.031165	-0.762605
0.031177	-0.665842
0.031189	-0.776237
0.031201	-0.737676
0.031213	-0.735756
0.031226	-0.834426
0.031238	-0.765925
0.031250	-0.721971
0.031262	-0.886078
0.031274	-0.997841
0.031287	-1.01958
0.031299	-1.04972
0.031311	-0.900277
0.031323	-1.03556
0.031335	-0.98988
0.031348	-1.11357
0.031360	-0.904681
0.031372	-0.981958
0.031384	-0.936637
0.031396	-1.18446
0.031409	-1.06394
0.031421	-1.16926
0.031433	-1.08894
0.031445	-1.20862
0.031458	-1.1138
0.031470	-0.982226
0.031482	-1.08462
0.031494	-1.21125
0.031506	-1.12392
0.031519	-1.04339
0.031531	-1.19996
0.031543	-1.0171
0.031555	-1.07986
0.031567	-1.04632
0.031580	-1.06394
0.031592	-1.09347
0.031604	-1.03705
0.031616	-0.954509
0.031628	-0.728449
0.031641	-0.804681
0.031653	-0.802786
0.031665	-0.837859
0.031677	-0.554324
0.031689	-0.643952
0.031702	-0.606336
0.031714	-0.520419
0.031726	-0.438492
0.031738	-0.4384
0.031750	-0.318033
0.031763	-0.261114
0.031775	-0.221429
0.031787	-0.23556
0.031799	-0.181606
0.031812	-0.0520397
0.031824	0.000748171
0.031836	0.153008
0.031848	0.144382
0.031860	0.181628
0.031873	0.470614
0.031885	0.539083
0.031897	0.552958
0.031909	0.397759
0.031921	0.627705
0.031934	0.553652
0.031946	0.763044
0.031958	0.672665
0.031970	0.712661
0.031982	0.938402
0.031995	0.886928
0.032007	0.835885
0.032019	0.934959
0.032031	1.10176
0.032043	1.04899
0.032056	1.01211
0.032068	1.02714
0.032080	1.21743
0.032092	1.0197
0.032104	1.22793
0.032117	1.16789
0.032129	1.19866
0.032141	1.21078
0.032153	1.29649
0.032166	1.23859
0.032178	1.2298
0.032190	1.10018
0.032202	1.29041
0.032214	1.08974
0.032227	1.23816
0.032239	1.03337
0.032251	1.05077
0.032263	1.19831
0.032275	1.20989
0.032288	1.09663
0.032300	1.05092
0.032312	1.19771
0.032324	0.965757
0.032336	1.0444
0.032349	0.908867
0.032361	0.853416
0.032373	0.834534
0.032385	0.965186
0.032397	0.879379
0.032410	0.811252
0.032422	0.766515
0.032434	0.974627
0.032446	0.805747
0.032458	0.928894
0.032471	0.920209
0.032483	0.763769
0.032495	0.724263
0.032507	0.736832
0.032520	0.585983
0.032532	0.718517
0.032544	0.582247
0.032556	0.694252
0.032568	0.701236
0.032581	0.491546
0.032593	0.681351
0.032605	0.577157
0.032617	0.534862
0.032629	0.48585
0.032642	0.454416
0.032654	0.440181
0.032666	0.565489
0.032678	0.596874
0.032690	0.47874
0.032703	0.572042
0.032715	0.432514
0.032727	0.46966
0.032739	0.528568
0.032751	0.481344
0.032764	0.310361
0.032776	0.30462
0.032788	0.21029
0.032800	0.285382
0.032812	0.238301
0.032825	0.265329
0.032837	0.303464
0.032849	0.177226
0.032861	0.336964
0.032874	0.0843581
0.032886	0.259078
0.032898	0.0159918
0.032910	0.183604
0.032922	0.239424
0.032935	0.125436
0.032947	0.136887
0.032959	-0.000321362
0.032971	0.0920111
0.032983	-0.0743142
0.032996	0.0325544
0.033008	-0.17775
0.033020	0.000922282
0.033032	0.0200904
0.033044	-0.0482195
0.033057	-0.0912813
0.033069	-0.173132
0.033081	-0.130753
0.033093	-0.295656
0.033105	-0.232344
0.033118	-0.202696
0.033130	-0.126097
0.033142	-0.214675
0.033154	-0.171302
0.033167	-0.439201
0.033179	-0.342495
0.033191	-0.325671
0.033203	-0.275689
0.033215	-0.479703
0.033228	-0.297708
0.033240	-0.336352
0.033252	-0.501147
0.033264	-0.572462
0.033276	-0.562118
0.033289	-0.53717
0.033301	-0.620522
0.033313	-0.432059
0.033325	-0.643631
0.033337	-0.572287
0.033350	-0.539752
0.033362	-0.626113
0.033374	-0.696602
0.033386	-0.583339
0.033398	-0.740289
0.033411	-0.681182
0.033423	-0.706128
0.033435	-0.616371
0.033447	-0.619678
0.033459	-0.853137
0.033472	-0.819487
0.033484	-0.830982
0.033496	-0.746557
0.033508	-0.888306
0.033521	-0.880568
0.033533	-0.735108
0.033545	-0.857186
0.033557	-0.825213
0.033569	-0.915376
0.033582	-0.969833
0.033594	-0.85408
0.033606	-1.01423
0.033618	-1.08903
0.033630	-1.1194
0.033643	-1.06177
0.033655	-1.10663
0.033667	-1.0919
0.033679	-1.00685
0.033691	-1.1118
0.033704	-1.10649
0.033716	-1.19718
0.033728	-1.2459
0.033740	-1.21244
0.033752	-1.07829
0.033765	-0.987593
0.033777	-1.17412
0.033789	-1.22312
0.033801	-1.12887
0.033813	-1.10645
0.033826	-0.948914
0.033838	-0.96772
0.033850	-0.970763
0.033862	-0.973468
0.033875	-0.96633
0.033887	-0.809467
0.033899	-0.772783
0.033911	-0.858686
0.033923	-0.792713
0.033936	-0.693349
0.033948	-0.569365
0.033960	-0.528641
0.033972	-0.555347
0.033984	-0.474566
0.033997	-0.48311
0.034009	-0.336287
0.034021	-0.445796
0.034033	-0.209137
0.034045	-0.209744
0.034058	-0.0387656
0.034070	-0.164212
0.034082	0.120576
0.034094	0.0280113
0.034106	0.127912
0.034119	0.086992
0.034131	0.396048
0.034143	0.310643
0.034155	0.43362
0.034167	0.590451
0.034180	0.582355
0.034192	0.707062
0.034204	0.726949
0.034216	0.671787
0.034229	0.761428
0.034241	0.742861
0.034253	0.745422
0.034265	0.858928
0.034277	0.830566
0.034290	0.967385
0.034302	0.913807
0.034314	1.1087
0.034326	1.13051
0.034338	0.965988
0.034351	1.07003
0.034363	1.10625
0.034375	1.13479
0.034387	1.13553
0.034399	1.17061
0.034412	1.18297
0.034424	1.28931
0.034436	1.24092
0.034448	1.23301
0.034460	1.27922
0.034473	1.06354
0.034485	1.08128
0.034497	1.10307
0.034509	1.03398
0.034521	1.16512
0.034534	1.24024
0.034546	0.990112
0.034558	1.13731
0.034570	1.18352
0.034583	1.16208
0.034595	0.925545
0.034607	1.00559
0.034619	1.00272
0.034631	0.898942
0.034644	1.04586
0.034656	0.971255
0.034668	0.784249
0.034680	1.02093
0.034692	0.927969
0.034705	0.912956
0.034717	0.778709
0.034729	0.676778
0.034741	0.678309
0.034753	0.826223
0.034766	0.711843
0.034778	0.738386
0.034790	0.621598
0.034802	0.609377
0.034814	0.586102
0.034827	0.55259
0.034839	0.590223
0.034851	0.537219
0.034863	0.529539
0.034875	0.599029
0.034888	0.488798
0.034900	0.445772
0.034912	0.515353
0.034924	0.441256
0.034937	0.562828
0.034949	0.42698
0.034961	0.440625
0.034973	0.525501
0.034985	0.490067
0.034998	0.521597
0.035010	0.343711
0.035022	0.386367
0.035034	0.364511
0.035046	0.290794
0.035059	0.411183
0.035071	0.227219
0.035083	0.429089
0.035095	0.165529
0.035107	0.259594
0.035120	0.122592
0.035132	0.296165
0.035144	0.294686
0.035156	0.202681
0.035168	0.0975571
0.035181	0.1016
0.035193	0.00374608
0.035205	0.0622504
0.035217	0.120822
0.035229	-0.0133428
0.035242	0.0540195
0.035254	-0.0714871
0.035266	0.0604927
0.035278	0.0112008
0.035291	-0.0283074
0.035303	-0.223912
0.035315	-0.134977
0.035327	-0.0234911
0.035339	-0.188381
0.035352	-0.177234
0.035364	-0.173552
0.035376	-0.288957
0.035388	-0.167399
0.035400	-0.372402
0.035413	-0.400638
0.035425	-0.423398
0.035437	-0.218245
0.035449	-0.410317
0.035461	-0.210736
0.035474	-0.248348
0.035486	-0.32526
0.035498	-0.511318
0.035510	-0.533758
0.035522	-0.320357
0.035535	-0.396471
0.035547	-0.501978
0.035559	-0.53241
0.035571	-0.414234
0.035583	-0.439119
0.035596	-0.388934
0.035608	-0.562992
0.035620	-0.588742
0.035632	-0.642488
0.035645	-0.663222
0.035657	-0.627181
0.035669	-0.519641
0.035681	-0.715495
0.035693	-0.570358
0.035706	-0.601502
0.035718	-0.58275
0.035730	-0.767298
0.035742	-0.77591
0.035754	-0.85401
0.035767	-0.898719
0.035779	-0.824291
0.035791	-0.912785
0.035803	-0.962567
0.035815	-0.845406
0.035828	-0.838439
0.035840	-1.0311
0.035852	-0.933928
0.035864	-0.986113
0.035876	-1.07686
0.035889	-0.983881
0.035901	-1.07407
0.035913	-1.13191
0.035925	-0.944943
0.035937	-1.04551
0.035950	-0.964529
0.035962	-1.05113
0.035974	-1.07949
0.035986	-1.14979
0.035999	-1.14858
0.036011	-1.02633
0.036023	-1.09219
0.036035	-1.02894
0.036047	-1.04233
0.036060	-1.18643
0.036072	-1.03968
0.036084	-1.05514
0.036096	-1.15077
0.036108	-1.06826
0.036121	-0.881527
0.036133	-1.02405
0.036145	-0.954772
0.036157	-0.841976
0.036169	-0.771334
0.036182	-0.720297
0.036194	-0.819082
0.036206	-0.710665
0.036218	-0.552102
0.036230	-0.524343
0.036243	-0.709734
0.036255	-0.524728
0.036267	-0.378192
0.036279	-0.359557
0.036292	-0.29997
0.036304	-0.216023
0.036316	-0.279699
0.036328	-0.123239
0.036340	-0.0225593
0.036353	-0.104
0.036365	-0.0101455
0.036377	0.00637608
0.036389	0.318618
0.036401	0.34471
0.036414	0.419118
0.036426	0.25905
0.036438	0.578483
0.036450	0.513381
0.036462	0.58784
0.036475	0.51786
0.036487	0.777696
0.036499	0.827542
0.036511	0.84996
0.036523	0.870324
0.036536	0.900613
0.036548	0.947819
0.036560	0.969982
0.036572	1.119
0.036584	0.949056
0.036597	1.0713
0.036609	1.18688
0.036621	1.03784
0.036633	1.0091
0.036646	1.20318
0.036658	1.27293
0.036670	1.23241
0.036682	1.25779
0.036694	1.19024
0.036707	1.23182
0.036719	1.19311
0.036731	1.23919
0.036743	1.29984
0.036755	1.20329
0.036768	1.21796
0.036780	1.23203
0.036792	1.13845
0.036804	1.1931
0.036816	1.00839
0.036829	1.23347
0.036841	1.11854
0.036853	0.98221
0.036865	0.958062
0.036877	1.01666
0.036890	1.11934
0.036902	1.06518
0.036914	0.836855
0.036926	0.942764
0.036938	0.870117
0.036951	1.02353
0.036963	0.925627
0.036975	0.944782
0.036987	0.916756
0.037000	0.736177
0.037012	0.706318
0.037024	0.855394
0.037036	0.640812
0.037048	0.829798
0.037061	0.726657
0.037073	0.709823
0.037085	0.668475
0.037097	0.52734
0.037109	0.559795
0.037122	0.584647
0.037134	0.624677
0.037146	0.501517
0.037158	0.551993
0.037170	0.691662
0.037183	0.637871
0.037195	0.519685
0.037207	0.631639
0.037219	0.481117
0.037231	0.515641
0.037244	0.353179
0.037256	0.551538
0.037268	0.529432
0.037280	0.513793
0.037292	0.504976
0.037305	0.339997
0.037317	0.272902
0.037329	0.438579
0.037341	0.286589
0.037354	0.259298
0.037366	0.417305
0.037378	0.28476
0.037390	0.247275
0.037402	0.303646
0.037415	0.245424
0.037427	0.145449
0.037439	0.116834
0.037451	0.149583
0.037463	0.0257404
0.037476	0.0531803
0.037488	0.135321
0.037500	0.053057
0.037512	0.13709
0.037524	0.112518
0.037537	0.0971124
0.037549	0.0671827
0.037561	-0.174775
0.037573	-0.111875
0.037585	-0.0132248
0.037598	-0.118899
0.037610	-0.18445
0.037622	-0.230978
0.037634	-0.120718
0.037646	-0.280481
0.037659	-0.324414
0.037671	-0.204379
0.037683	-0.240162
0.037695	-0.241859
0.037708	-0.206447
0.037720	-0.194158
0.037732	-0.472735
0.037744	-0.258578
0.037756	-0.357791
0.037769	-0.382536
0.037781	-0.36045
0.037793	-0.406125
0.037805	-0.328922
0.037817	-0.58341
0.037830	-0.57422
0.037842	-0.598716
0.037854	-0.533638
0.037866	-0.420245
0.037878	-0.415051
0.037891	-0.604136
0.037903	-0.673701
0.037915	-0.482523
0.037927	-0.680406
0.037939	-0.70108
0.037952	-0.60646
0.037964	-0.775471
0.037976	-0.611929
0.037988	-0.833304
0.038000	-0.759617
0.038013	-0.736907
0.038025	-0.82944
0.038037	-0.691357
0.038049	-0.80053
0.038062	-0.730971
0.038074	-0.846873
0.038086	-0.903038
0.038098	-0.983652
0.038110	-0.910595
0.038123	-1.005
0.038135	-0.8971
0.038147	-1.10086
0.038159	-0.88499
0.038171	-1.07423
0.038184	-0.911858
0.038196	-0.931067
0.038208	-1.09118
0.038220	-1.11276
0.038232	-1.1357
0.038245	-1.07053
0.038257	-1.15428
0.038269	-1.07289
0.038281	-1.05307
0.038293	-1.19061
0.038306	-1.01126
0.038318	-0.985439
0.038330	-1.0009
0.038342	-0.962327
0.038354	-1.01402
0.038367	-0.951239
0.038379	-0.98877
0.038391	-0.987033
0.038403	-1.07565
0.038416	-0.943663
0.038428	-1.01948
0.038440	-0.916871
0.038452	-0.959212
0.038464	-0.789872
0.038477	-0.736976
0.038489	-0.675949
0.038501	-0.57148
0.038513	-0.652108
0.038525	-0.497423
0.038538	-0.421016
0.038550	-0.306371
0.038562	-0.326546
0.038574	-0.248532
0.038586	-0.275326
0.038599	-0.0307481
0.038611	0.0381358
0.038623	0.0876223
0.038635	-0.013317
0.038647	0.142156
0.038660	0.213488
0.038672	0.333712
0.038684	0.303815
0.038696	0.392699
0.038708	0.485573
0.038721	0.478666
0.038733	0.586532
0.038745	0.719084
0.038757	0.557762
0.038770	0.636707
0.038782	0.646237
0.038794	0.848815
0.038806	0.810239
0.038818	0.877151
0.038831	0.988756
0.038843	1.06762
0.038855	1.1324
0.038867	0.97707
0.038879	1.09968
0.038892	1.11057
0.038904	1.22433
0.038916	1.08566
0.038928	1.14167
0.038940	1.25414
0.038953	1.30106
0.038965	1.2568
0.038977	1.2696
0.038989	1.31068
0.039001	1.33099
0.039014	1.16803
0.039026	1.20012
0.039038	1.21796
0.039050	1.10235
0.039063	1.03286
0.039075	1.15934
0.039087	1.24806
0.039099	1.10506
0.039111	1.00495
0.039124	1.16413
0.039136	1.16025
0.039148	0.992263
0.039160	0.927021
0.039172	0.984789
0.039185	1.00043
0.039197	0.957527
0.039209	0.905639
0.039221	0.872241
0.039233	0.94964
0.039246	0.891353
0.039258	0.952919
0.039270	0.746968
0.039282	0.871559
0.039294	0.686884
0.039307	0.792607
0.039319	0.748479
0.039331	0.602573
0.039343	0.658821
0.039355	0.625088
0.039368	0.790509
0.039380	0.599835
0.039392	0.678273
0.039404	0.613118
0.039417	0.539648
0.039429	0.693708
0.039441	0.571995
0.039453	0.639467
0.039465	0.448061
0.039478	0.380347
0.039490	0.365745
0.039502	0.352414
0.039514	0.570441
0.039526	0.408044
0.039539	0.350099
0.039551	0.466831
0.039563	0.521199
0.039575	0.261569
0.039587	0.257615
0.039600	0.29969
0.039612	0.408391
0.039624	0.366848
0.039636	0.220902
0.039648	0.143739
0.039661	0.246518
0.039673	0.205254
0.039685	0.25279
0.039697	0.060033
0.039709	0.161084
0.039722	0.0127344
0.039734	0.163782
0.039746	0.0874942
0.039758	0.12545
0.039771	0.0116971
0.039783	0.156844
0.039795	0.137794
0.039807	0.014491
0.039819	-0.0357081
0.039832	0.029109
0.039844	0.000872799
0.039856	-0.100443
0.039868	-0.0334584
0.039880	-0.0580422
0.039893	-0.104096
0.039905	-0.27199
0.039917	-0.246685
0.039929	-0.247836
0.039941	-0.342835
0.039954	-0.288269
0.039966	-0.27411
0.039978	-0.307402
0.039990	-0.394137
0.040002	-0.401173
0.040015	-0.28973
0.040027	-0.432638
0.040039	-0.495625
0.040051	-0.49393
0.040063	-0.297576
0.040076	-0.531424
0.040088	-0.406654
0.040100	-0.336544
0.040112	-0.397202
0.040125	-0.596588
0.040137	-0.466445
0.040149	-0.528879
0.040161	-0.651283
0.040173	-0.518539
0.040186	-0.682843
0.040198	-0.564266
0.040210	-0.615803
0.040222	-0.517744
0.040234	-0.750201
0.040247	-0.714803
0.040259	-0.621711
0.040271	-0.610937
0.040283	-0.724468
0.040295	-0.857412
0.040308	-0.829412
0.040320	-0.749818
0.040332	-0.810286
0.040344	-0.75039
0.040356	-0.956474
0.040369	-0.816133
0.040381	-0.92574
0.040393	-0.822797
0.040405	-1.07766
0.040417	-0.962373
0.040430	-1.1096
0.040442	-1.14965
0.040454	-0.979347
0.040466	-0.982483
0.040479	-1.11258
0.040491	-0.982516
0.040503	-0.983969
0.040515	-1.23217
0.040527	-1.14203
0.040540	-1.24262
0.040552	-1.24401
0.040564	-1.1133
0.040576	-1.06961
0.040588	-1.09601
0.040601	-1.10992
0.040613	-1.1806
0.040625	-1.14278
0.040637	-1.1241
0.040649	-1.15389
0.040662	-0.928975
0.040674	-0.922174
0.040686	-0.892575
0.040698	-0.826466
0.040710	-0.938463
0.040723	-0.817366
0.040735	-0.925964
0.040747	-0.776628
0.040759	-0.824707
0.040771	-0.710671
0.040784	-0.60744
0.040796	-0.512584
0.040808	-0.519443
0.040820	-0.34145
0.040833	-0.323196
0.040845	-0.312006
0.040857	-0.335037
0.040869	-0.169943
0.040881	-0.145923
0.040894	-0.13554
0.040906	0.128455
0.040918	0.147651
0.040930	0.0692591
0.040942	0.193282
0.040955	0.252076
0.040967	0.229667
0.040979	0.508553
0.040991	0.481767
0.041003	0.478532
0.041016	0.483684
0.041028	0.760908
0.041040	0.592618
0.041052	0.840847
0.041064	0.840247
0.041077	0.967011
0.041089	0.878649
0.041101	0.861123
0.041113	0.91797
0.041125	1.10448
0.041138	1.07143
0.041150	1.09208
0.041162	1.049
0.041174	1.04562
0.041187	1.26208
0.041199	1.05779
0.041211	1.27181
0.041223	1.15726
0.041235	1.12662
0.041248	1.16162
0.041260	1.08643
0.041272	1.26128
0.041284	1.12541
0.041296	1.26487
0.041309	1.28738
0.041321	1.20246
0.041333	1.0588
0.041345	1.25838
0.041357	1.11348
0.041370	1.23605
0.041382	1.00754
0.041394	1.16525
0.041406	1.14502
0.041418	1.05088
0.041431	1.04234
0.041443	0.970025
0.041455	0.954271
0.041467	1.08221
0.041479	0.950496
0.041492	0.953077
0.041504	0.962412
0.041516	0.765961
0.041528	0.760926
0.041541	0.79232
0.041553	0.841002
0.041565	0.764265
0.041577	0.756442
0.041589	0.737398
0.041602	0.807417
0.041614	0.583219
0.041626	0.596262
0.041638	0.770869
0.041650	0.723836
0.041663	0.605721
0.041675	0.656734
0.041687	0.64122
0.041699	0.539097
0.041711	0.45908
0.041724	0.657341
0.041736	0.605902
0.041748	0.395257
0.041760	0.382857
0.041772	0.507887
0.041785	0.566511
0.041797	0.480067
0.041809	0.437119
0.041821	0.354313
0.041833	0.363217
0.041846	0.379412
0.041858	0.456104
0.041870	0.218717
0.041882	0.355215
0.041895	0.256202
0.041907	0.304247
0.041919	0.402289
0.041931	0.371755
0.041943	0.36249
0.041956	0.201753
0.041968	0.170836
0.041980	0.249878
0.041992	0.152872
0.042004	0.152593
0.042017	-0.0264655
0.042029	0.0265191
0.042041	0.0149229
0.042053	0.0834943
0.042065	-0.0425513
0.042078	0.0401295
0.042090	0.0450514
0.042102	-0.136348
0.042114	-0.0886508
0.042126	-0.00780224
0.042139	-0.184867
0.042151	-0.175198
0.042163	-0.10854
0.042175	-0.264583
0.042188	-0.100088
0.042200	-0.0981266
0.042212	-0.226806
0.042224	-0.297292
0.042236	-0.379443
0.042249	-0.275943
0.042261	-0.189998
0.042273	-0.350876
0.042285	-0.448709
0.042297	-0.243788
0.042310	-0.413979
0.042322	-0.499602
0.042334	-0.343727
0.042346	-0.342966
0.042358	-0.507543
0.042371	-0.516581
0.042383	-0.40396
0.042395	-0.545458
0.042407	-0.389421
0.042419	-0.626397
0.042432	-0.677461
0.042444	-0.625781
0.042456	-0.488602
0.042468	-0.693515
0.042480	-0.62228
0.042493	-0.686748
0.042505	-0.520473
0.042517	-0.606291
0.042529	-0.641414
0.042542	-0.839134
0.042554	-0.611974
0.042566	-0.733889
0.042578	-0.911221
0.042590	-0.794573
0.042603	-0.879028
0.042615	-0.940746
0.042627	-0.882966
0.042639	-0.953924
0.042651	-0.88899
0.042664	-0.911472
0.042676	-0.939835
0.042688	-0.847245
0.042700	-1.11726
0.042712	-1.06135
0.042725	-1.12922
0.042737	-1.09459
0.042749	-1.02797
0.042761	-0.962909
0.042773	-1.04883
0.042786	-1.07454
0.042798	-1.22409
0.042810	-1.06795
0.042822	-1.01806
0.042834	-1.0057
0.042847	-1.02892
0.042859	-1.15143
0.042871	-1.17636
0.042883	-1.18534
0.042896	-1.09497
0.042908	-1.12565
0.042920	-1.12235
0.042932	-1.04428
0.042944	-0.895872
0.042957	-1.03857
0.042969	-0.99228
0.042981	-0.98666
0.042993	-0.799447
0.043005	-0.75395
0.043018	-0.698215
0.043030	-0.775521
0.043042	-0.722667
0.043054	-0.666349
0.043066	-0.533203
0.043079	-0.543786
0.043091	-0.406453
0.043103	-0.317753
0.043115	-0.272155
0.043127	-0.318734
0.043140	-0.147762
0.043152	-0.173333
0.043164	-0.143517
0.043176	0.0672026
0.043188	0.0240996
0.043201	0.0169942
0.043213	0.240002
0.043225	0.170221
0.043237	0.393639
0.043250	0.491155
0.043262	0.398157
0.043274	0.42398
0.043286	0.469097
0.043298	0.623888
0.043311	0.698492
0.043323	0.67897
0.043335	0.924313
0.043347	0.914802
0.043359	0.856942
0.043372	0.972089
0.043384	0.957344
0.043396	0.901313
0.043408	1.15224
0.043420	0.950606
0.043433	1.06853
0.043445	1.11783
0.043457	1.10866
0.043469	1.29503
0.043481	1.09246
0.043494	1.1469
0.043506	1.21356
0.043518	1.28797
0.043530	1.24227
0.043542	1.26387
0.043555	1.2041
0.043567	1.31067
0.043579	1.25109
0.043591	1.07108
0.043604	1.12572
0.043616	1.12877
0.043628	1.06709
0.043640	1.1414
0.043652	1.105
0.043665	1.02546
0.043677	1.01406
0.043689	0.994437
0.043701	1.02037
0.043713	0.932265
0.043726	0.854176
0.043738	0.866492
0.043750	1.03107
0.043762	0.989107
0.043774	0.819661
0.043787	0.932848
0.043799	0.93037
0.043811	0.943368
0.043823	0.813756
0.043835	0.693343
0.043848	0.877206
0.043860	0.802701
0.043872	0.727496
0.043884	0.701754
0.043896	0.788239
0.043909	0.666629
0.043921	0.574357
0.043933	0.605363
0.043945	0.596874
0.043958	0.543668
0.043970	0.675243
0.043982	0.643727
0.043994	0.607489
0.044006	0.42273
0.044019	0.572108
0.044031	0.517151
0.044043	0.451457
0.044055	0.338809
0.044067	0.554225
0.044080	0.354945
0.044092	0.355033
0.044104	0.513432
0.044116	0.347662
0.044128	0.26354
0.044141	0.401131
0.044153	0.356917
0.044165	0.406772
0.044177	0.292407
0.044189	0.281401
0.044202	0.221506
0.044214	0.366223
0.044226	0.288195
0.044238	0.172526
0.044250	0.170392
0.044263	0.0846153
0.044275	0.0730844
0.044287	0.236686
0.044299	0.165706
0.044312	0.112017
0.044324	0.103776
0.044336	-0.0939063
0.044348	0.000391875
0.044360	-0.0229962
0.044373	0.0294627
0.044385	-0.0445598
0.044397	-0.172023
0.044409	-0.157818
0.044421	-0.190635
0.044434	-0.233607
0.044446	-0.256575
0.044458	-0.200954
0.044470	-0.225793
0.044482	-0.251966
0.044495	-0.163357
0.044507	-0.25319
0.044519	-0.392274
0.044531	-0.328012
0.044543	-0.257768
0.044556	-0.220654
0.044568	-0.416518
0.044580	-0.474997
0.044592	-0.271736
0.044604	-0.523973
0.044617	-0.406281
0.044629	-0.453172
0.044641	-0.499105
0.044653	-0.37081
0.044666	-0.411958
0.044678	-0.596769
0.044690	-0.410145
0.044702	-0.527643
0.044714	-0.618413
0.044727	-0.585974
0.044739	-0.705584
0.044751	-0.63289
0.044763	-0.653762
0.044775	-0.610437
0.044788	-0.593466
0.044800	-0.627416
0.044812	-0.607658
0.044824	-0.774576
0.044836	-0.824138
0.044849	-0.720742
0.044861	-0.71562
0.044873	-0.92859
0.044885	-0.897233
0.044897	-0.743542
0.044910	-0.874688
0.044922	-1.02556
0.044934	-0.817193
0.044946	-0.856553
0.044958	-0.95809
0.044971	-0.888427
0.044983	-0.891687
0.044995	-1.12683
0.045007	-0.994914
0.045020	-1.02447
0.045032	-1.1111
0.045044	-1.08951
0.045056	-1.01237
0.045068	-1.16016
0.045081	-1.23308
0.045093	-1.13293
0.045105	-1.0437
0.045117	-1.21082
0.045129	-1.01176
0.045142	-1.18636
0.045154	-1.01235
0.045166	-1.03775
0.045178	-0.947047
0.045190	-1.17338
0.045203	-0.885247
0.045215	-1.08319
0.045227	-0.904836
0.045239	-0.850046
0.045251	-0.959296
0.045264	-0.987944
0.045276	-0.927985
0.045288	-0.86723
0.045300	-0.746091
0.045313	-0.537788
0.045325	-0.48727
0.045337	-0.439595
0.045349	-0.584801
0.045361	-0.512156
0.045374	-0.495876
0.045386	-0.217264
0.045398	-0.154306
0.045410	-0.207032
0.045422	-0.161616
0.045435	-0.00891227
0.045447	0.0703945
0.045459	0.0497672
0.045471	0.0363902
0.045483	0.295462
0.045496	0.284871
0.045508	0.464235
0.045520	0.268797
0.045532	0.508662
0.045544	0.645344
0.045557	0.51957
0.045569	0.688283
0.045581	0.814493
0.045593	0.728415
0.045605	0.769393
0.045618	0.73065
0.045630	0.762003
0.045642	0.907543
0.045654	0.878621
0.045667	0.917389
0.045679	1.12769
0.045691	0.977826
0.045703	1.00521
0.045715	1.19883
0.045728	1.10719
0.045740	1.13866
0.045752	1.09828
0.045764	1.1235
0.045776	1.145
0.045789	1.24803
0.045801	1.24418
0.045813	1.16352
0.045825	1.27095
0.045837	1.08178
0.045850	1.18356
0.045862	1.20664
0.045874	1.29451
0.045886	1.23459
0.045898	1.17274
0.045911	1.16278
0.045923	1.17389
0.045935	1.19286
0.045947	1.02065
0.045959	1.09964
0.045972	1.06699
0.045984	1.06317
0.045996	1.05389
0.046008	1.00626
0.046021	0.834898
0.046033	1.02696
0.046045	0.981744
0.046057	0.807749
0.046069	0.82044
0.046082	0.956511
0.046094	0.683428
0.046106	0.85511
0.046118	0.826562
0.046130	0.680204
0.046143	0.687319
0.046155	0.583464
0.046167	0.626217
0.046179	0.538293
0.046191	0.625201
0.046204	0.509244
0.046216	0.598297
0.046228	0.52526
0.046240	0.622626
0.046252	0.541571
0.046265	0.422263
0.046277	0.472876
0.046289	0.398237
0.046301	0.577528
0.046313	0.485556
0.046326	0.437952
0.046338	0.446125
0.046350	0.341914
0.046362	0.31127
0.046375	0.421203
0.046387	0.470538
0.046399	0.289756
0.046411	0.342918
0.046423	0.368071
0.046436	0.304127
0.046448	0.390554
0.046460	0.302048
0.046472	0.344949
0.046484	0.352621
0.046497	0.164751
0.046509	0.0800947
0.046521	0.113304
0.046533	0.199636
0.046545	0.0854454
0.046558	0.0481293
0.046570	-0.0315149
0.046582	0.025214
0.046594	0.0936281
0.046606	-0.0425273
0.046619	0.127992
0.046631	-0.138275
0.046643	-0.107365
0.046655	-0.0498084
0.046667	-0.194191
0.046680	-0.23732
0.046692	-0.254874
0.046704	-0.159768
0.046716	-0.087363
0.046729	-0.28147
0.046741	-0.199023
0.046753	-0.268355
0.046765	-0.124435
0.046777	-0.383711
0.046790	-0.200448
0.046802	-0.281575
0.046814	-0.314636
0.046826	-0.474444
0.046838	-0.443253
0.046851	-0.412292
0.046863	-0.273041
0.046875	-0.318104
0.046887	-0.34999
0.046899	-0.515571
0.046912	-0.452236
0.046924	-0.576184
0.046936	-0.486938
0.046948	-0.481134
0.046960	-0.436317
0.046973	-0.526739
0.046985	-0.635335
0.046997	-0.488441
0.047009	-0.553809
0.047021	-0.610437
0.047034	-0.65522
0.047046	-0.754515
0.047058	-0.56414
0.047070	-0.696679
0.047083	-0.681401
0.047095	-0.669483
0.047107	-0.707305
0.047119	-0.771054
0.047131	-0.900209
0.047144	-0.77609
0.047156	-0.811289
0.047168	-0.739506
0.047180	-0.94894
0.047192	-0.999668
0.047205	-0.800145
0.047217	-0.870759
0.047229	-0.87275
0.047241	-0.875985
0.047253	-0.973383
0.047266	-0.988628
0.047278	-1.13839
0.047290	-1.1529
0.047302	-1.002
0.047314	-0.951799
0.047327	-1.02913
0.047339	-1.08132
0.047351	-1.0987
0.047363	-0.991
0.047375	-1.05186
0.047388	-1.19935
0.047400	-1.0322
0.047412	-1.20096
0.047424	-1.15007
0.047437	-1.03412
0.047449	-0.94627
0.047461	-1.12032
0.047473	-1.05209
0.047485	-0.971229
0.047498	-0.907802
0.047510	-0.937228
0.047522	-0.880597
0.047534	-0.910712
0.047546	-0.836836
0.047559	-0.688415
0.047571	-0.7385
0.047583	-0.614984
0.047595	-0.597884
0.047607	-0.621682
0.047620	-0.47433
0.047632	-0.528965
0.047644	-0.273949
0.047656	-0.434104
0.047668	-0.303004
0.047681	-0.329029
0.047693	-0.243322
0.047705	-0.0864656
0.047717	0.0256652
0.047729	0.101414
0.047742	0.100318
0.047754	0.152724
0.047766	0.348761
0.047778	0.239131
0.047791	0.473539
0.047803	0.437573
0.047815	0.607296
0.047827	0.639195
0.047839	0.675045
0.047852	0.615079
0.047864	0.696161
0.047876	0.760024
0.047888	0.901549
0.047900	0.996585
0.047913	0.984166
0.047925	0.970028
0.047937	0.890715
0.047949	0.95237
0.047961	1.00301
0.047974	1.14936
0.047986	1.2133
0.047998	1.2551
0.048010	1.09861
0.048022	1.25757
0.048035	1.06772
0.048047	1.23958
0.048059	1.29881
0.048071	1.12027
0.048083	1.10418
0.048096	1.29062
0.048108	1.29307
0.048120	1.29158
0.048132	1.09684
0.048145	1.04275
0.048157	1.04032
0.048169	1.0102
0.048181	1.1221
0.048193	1.04335
0.048206	1.16129
0.048218	0.977627
0.048230	1.05009
0.048242	1.01305
0.048254	1.02011
0.048267	1.00401
0.048279	0.925081
0.048291	0.876051
0.048303	0.80546
0.048315	0.880251
0.048328	0.859318
0.048340	0.809237
0.048352	0.823666
0.048364	0.753345
0.048376	0.725098
0.048389	0.836352
0.048401	0.731523
0.048413	0.773079
0.048425	0.688861
0.048438	0.63882
0.048450	0.770162
0.048462	0.760811
0.048474	0.540632
0.048486	0.500173
0.048499	0.677241
0.048511	0.632217
0.048523	0.459383
0.048535	0.647383
0.048547	0.587075
0.048560	0.542304
0.048572	0.398852
0.048584	0.564766
0.048596	0.535444
0.048608	0.57424
0.048621	0.363441
0.048633	0.361906
0.048645	0.405597
0.048657	0.407034
0.048669	0.377687
0.048682	0.371971
0.048694	0.289263
0.048706	0.439858
0.048718	0.404686
0.048730	0.356735
0.048743	0.277
0.048755	0.143212
0.048767	0.225768
0.048779	0.330075
0.048792	0.256333
0.048804	0.272793
0.048816	0.0748323
0.048828	0.239886
0.048840	0.174161
0.048853	0.132936
0.048865	-0.0857591
0.048877	0.0421334
0.048889	-0.0276755
0.048901	-0.132826
0.048914	0.019436
0.048926	-0.18427
0.048938	-0.0476891
0.048950	-0.0222384
0.048962	-0.0432067
0.048975	-0.188901
0.048987	-0.107345
0.048999	-0.321509
0.049011	-0.180815
0.049023	-0.307301
0.049036	-0.141404
0.049048	-0.371064
0.049060	-0.213902
0.049072	-0.380979
0.049084	-0.439949
0.049097	-0.297519
0.049109	-0.491779
0.049121	-0.339415
0.049133	-0.489432
0.049146	-0.399558
0.049158	-0.391111
0.049170	-0.322935
0.049182	-0.464551
0.049194	-0.541944
0.049207	-0.376571
0.049219	-0.47179
0.049231	-0.388353
0.049243	-0.419733
0.049255	-0.635271
0.049268	-0.600048
0.049280	-0.715212
0.049292	-0.48738
0.049304	-0.635042
0.049316	-0.593111
0.049329	-0.769637
0.049341	-0.648407
0.049353	-0.822644
0.049365	-0.628418
0.049377	-0.702473
0.049390	-0.717437
0.049402	-0.811392
0.049414	-0.791488
0.049426	-0.748253
0.049438	-0.937348
0.049451	-0.796931
0.049463	-0.975132
0.049475	-1.00426
0.049487	-0.860491
0.049500	-0.868584
0.049512	-1.02978
0.049524	-1.04792
0.049536	-0.939
0.049548	-1.10304
0.049561	-1.15335
0.049573	-1.19183
0.049585	-1.0799
0.049597	-1.02417
0.049609	-1.22726
0.049622	-1.12401
0.049634	-0.990328
0.049646	-1.13391
0.049658	-1.03071
0.049670	-1.18328
0.049683	-0.997774
0.049695	-1.09512
0.049707	-1.12591
0.049719	-1.06017
0.049731	-0.942072
0.049744	-1.10838
0.049756	-0.995931
0.049768	-0.951636
0.049780	-0.91044
0.049792	-1.01646
0.049805	-0.80726
0.049817	-0.923603
0.049829	-0.857913
0.049841	-0.616062
0.049854	-0.731281
0.049866	-0.762369
0.049878	-0.500134
0.049890	-0.479243
0.049902	-0.412537
0.049915	-0.37702
0.049927	-0.227575
0.049939	-0.190542
0.049951	-0.17504
0.049963	-0.167556
0.049976	-0.0612207
0.049988	0.0320478
0.050000	-0.0292518
